  -1.6961669e+00  -9.8273412e-01  -4.0919932e+00  -2.6054457e+00  -4.9945600e-01
  -2.5858475e+00   1.4402482e+00  -2.9570541e+00  -3.5992181e-01   4.6352888e-01
  -2.7509107e+00   1.2113942e+00  -1.0320876e+00  -2.5978721e+00  -9.4060570e-01
  -1.2327500e+00  -3.1530645e-02  -3.3616026e+00  -1.8605061e+00  -2.6516106e+00
  -2.4741525e+00   1.7194565e-01  -2.5699698e+00   5.1595121e-01  -9.4965802e-01
  -2.2608642e+00   1.0507374e+00  -1.7678375e+00  -9.8286803e-02  -1.3688459e+00
  -1.0990850e+00  -4.0012975e-01  -1.1692355e+00  -9.0825934e-01  -1.1268567e+00
  -2.5649193e+00   1.4486733e+00  -2.4964678e+00  -6.9109536e-01  -1.0970030e+00
  -3.2118483e+00   1.0246329e+00  -2.7874968e+00   1.3353211e+00   2.6034478e-01
  -1.9810959e+00   1.3302556e+00   3.8182513e-02   6.2272647e-01  -1.5045398e-01
  -3.3449842e+00   6.7560333e-01  -1.4924731e+00   1.4504812e-02   4.6798193e-01
  -2.8771704e+00   1.1408215e+00  -2.3737733e+00  -5.4538673e-01   1.0931077e+00
  -3.2834630e+00   1.1095301e-01  -1.8045524e+00  -1.5768142e+00  -1.5189996e+00
  -2.2399863e+00   7.6767758e-01   5.7612540e-01  -1.7876672e-01  -9.0989711e-01
  -2.0073593e+00  -1.0610923e+00  -3.3092501e-01  -1.1926947e+00  -1.4195574e+00
  -3.1694940e+00   6.3929945e-01  -9.6203659e-01  -3.1842703e-01   5.6962456e-01
  -1.6893603e+00   4.9169705e-01  -1.3994468e+00   6.1529297e-01  -1.3444147e+00
  -2.8183570e+00   4.8416261e-01  -1.9699615e+00  -1.1034323e+00  -1.0402071e+00
  -5.2790410e+00   5.0363897e-01   7.1337763e-01   1.8410965e+00  -3.0609120e+00
  -1.8424037e+00  -1.1978821e+00  -2.2609970e+00   8.7843901e-01  -7.2674295e-02
  -1.6021821e+00  -1.8390615e+00   2.2072888e-02   9.8697908e-01  -1.4525303e-02
  -2.3280850e+00  -1.3845086e+00  -6.6686770e-01   1.0033117e+00  -2.5966585e+00
  -3.3097666e+00  -1.3837313e+00  -3.2412575e+00   4.4946108e-01  -6.7697655e-01
  -1.6892861e+00   1.7025077e+00  -1.6676518e+00   2.4642346e+00  -3.8109550e-01
  -1.3030998e-01  -8.2734374e-01  -1.3612517e+00   2.3840354e+00  -4.2830546e-01
  -7.0156262e-01  -2.0788675e+00   1.4225760e-01   3.6653867e+00   4.5723331e-01
  -1.3592118e+00  -3.3625588e-01  -8.8254507e-01   1.6154182e+00  -7.2647070e-01
  -4.0690923e-02   1.9766907e-01   4.3174015e-01   7.5694077e-01   2.1741139e-01
   9.2063530e-01  -4.3479773e-01  -4.1495946e-01   1.4066182e+00  -5.9985789e-01
   6.3215196e-02  -1.7101350e+00  -6.4045318e-01   1.9840616e+00   8.8711827e-01
   1.0086903e+00   1.1733814e+00  -1.5706727e+00   2.9114476e+00  -1.2321766e+00
   1.8041216e+00  -2.0681974e+00  -1.3471800e+00   2.1634931e+00  -1.0814077e+00
   2.3939019e+00  -1.5833441e+00   1.7036821e-01   2.1335725e+00  -5.5895300e-02
   2.4151377e-01  -2.0416105e+00  -7.2506785e-01   1.4946486e+00  -1.6691111e+00
   2.8927596e-01  -1.0014891e+00  -3.6943444e-01   1.7608871e+00  -3.0763548e-01
  -1.1612962e+00  -2.8489651e+00  -1.8404917e+00   1.2560384e+00  -1.1119407e+00
   1.0270589e+00  -2.3751991e+00  -8.1363525e-01  -1.3218890e+00  -1.9698373e+00
  -6.9276466e-01  -2.0477712e+00  -1.8763161e-01  -4.8699876e-01  -1.8604812e+00
  -3.3907986e-01  -1.6996521e-01  -1.7252053e+00  -1.2418818e+00  -7.3050922e-01
   3.3255830e-02  -3.5400613e+00   1.3982627e-01  -3.5830193e-01  -2.0020873e+00
   1.8379516e-01  -2.4123673e+00  -1.5956042e+00  -8.0925517e-02  -2.7768998e+00
  -4.8968887e-01  -1.1171178e+00  -8.6874372e-01   7.1307432e-02  -4.5723947e-01
   4.1008965e-01  -2.8903555e+00  -7.5152949e-01  -1.9170141e+00  -1.6500580e+00
  -1.2509588e+00  -2.8981101e+00  -2.0623015e+00  -5.2014300e-01  -2.7771501e+00
  -1.0454959e+00  -1.6722883e+00  -3.1504347e+00  -1.8951847e+00  -2.1717439e+00
  -1.6130355e+00  -1.0111367e+00  -2.0863518e+00  -5.4434098e-01  -1.7675132e+00
  -1.6695661e+00  -2.9461737e+00  -1.1112513e+00  -1.6453091e-01  -2.2164868e+00
  -6.4404346e-01  -2.5765050e+00  -2.3957333e+00  -1.1671474e+00  -1.1663441e+00
   1.5880369e+00  -1.6925547e+00  -4.9257226e-01  -2.3584875e-01   5.3611619e-01
  -9.8559261e-01  -1.2012522e+00  -1.4723647e+00   1.4897960e+00  -1.2734319e+00
   2.4576083e+00   1.7155888e-01  -8.5777124e-01  -1.5622633e+00  -1.4782329e+00
  -1.4508576e+00  -6.0107294e-01  -2.2036724e+00   8.3810052e-01  -2.6958022e+00
  -1.3884551e+00  -1.6645667e+00  -6.8485201e-01  -2.0614532e-01  -1.3731622e-01
  -2.8047351e-01  -2.7578965e+00  -2.8697254e+00   7.3018636e-01  -9.6567582e-01
  -4.6085215e-01  -1.0069352e+00  -3.1919927e-01  -3.9032217e-01  -8.0799451e-01
  -4.1750529e-01  -7.5647538e-01  -2.4957161e+00   1.4736557e+00  -9.0398376e-03
  -1.4130456e+00  -5.1393429e-01   1.1325637e+00  -7.4290175e-01   4.0091082e-02
  -2.8247304e+00   4.5088172e-01   8.2801828e-01  -7.0053968e-01  -1.6948544e+00
  -4.2664340e-01  -3.7814742e-01   2.3664048e-01  -1.9320204e-01  -1.1878851e+00
  -3.1622954e+00  -1.7091755e+00   6.5860467e-01  -7.4968719e-01  -3.0891725e-01
  -1.5870304e+00   1.0657620e+00   4.4804560e-01   2.3882555e+00  -1.1366793e-01
  -3.9368961e-01  -4.7353678e-01  -2.9468787e-01   7.0441830e-01  -1.7083324e+00
  -1.9250746e+00  -3.1668586e-02  -5.9938728e-01   2.1479286e+00  -6.5168110e-01
  -1.0459981e-01  -1.0891344e+00   9.3116351e-01   2.6772021e+00  -2.6435873e-01
  -2.2544318e+00  -4.2882286e-01   8.8658443e-01   7.1037341e-01   3.3394506e-01
   2.0625993e+00  -3.8137012e-01   2.3873188e-01  -4.4124703e-01   4.0531397e-01
  -1.0107108e+00  -1.2116876e+00  -8.4633770e-01   7.5707279e-01  -4.7964592e-01
   6.0232023e-02   3.0691469e+00   1.3104009e+00   1.4512189e+00  -1.9157491e+00
  -2.4434766e+00   2.1156197e+00   2.0687580e-01   7.0226953e-01  -4.5891092e-01
   1.5263949e+00   8.9416802e-02  -8.2952843e-01   1.1361211e+00   3.0047549e-02
   1.2791065e-01   1.3215417e-01   3.5378943e-01   1.9216114e+00  -2.2150603e-02
   8.4844936e-01  -1.3439412e+00  -3.6051911e-01   1.0550931e+00  -7.9620514e-01
   1.4724545e+00  -2.8482330e-01   2.9901986e+00   2.1795497e+00  -8.6230658e-01
   1.4135216e+00  -8.0140992e-01   4.6199024e-02   1.6805408e+00  -4.6334814e-01
   1.0009522e+00  -4.4100400e-01   6.7505681e-01   8.3938058e-01   4.4887619e-01
   4.0615207e-01  -2.7717720e-01  -1.7541810e-01   1.8984807e+00   7.3140532e-01
   2.0074013e+00  -2.0632475e+00  -4.5980232e-01   1.1124273e+00  -1.8177005e+00
   1.0169855e+00  -1.2405672e+00  -8.5967649e-01  -6.8955735e-01  -1.6656132e+00
   1.3051143e+00  -3.2311458e-01  -6.7226586e-01   3.2221387e-01   4.3824322e-01
   1.1299187e+00  -1.1810714e+00   2.4247708e+00   9.9882018e-01  -7.5767027e-01
   2.0399824e+00  -1.1068028e+00  -1.3452699e+00  -1.0103003e+00  -8.6689783e-01
  -7.6087508e-01  -1.1902959e+00   1.8967896e+00   1.4370054e-01  -4.8015790e-02
  -6.5903012e-01  -3.3863817e+00  -2.7527426e+00  -1.0533754e+00   1.7285123e+00
   2.4362629e+00  -2.1391247e+00  -5.0891063e-01  -2.3101329e-01   2.6800063e-01
   1.4555878e+00  -7.2488036e-01  -2.2609355e+00   3.9017389e-01  -1.8344561e+00
   1.0639824e+00  -9.6177667e-02  -1.4680366e+00   3.1404878e-01  -8.6753226e-01
  -1.1901706e-01  -1.0012142e+00   6.7710108e-01   1.5917412e+00   3.2276074e-01
  -7.5518690e-01   9.4923765e-02   2.1213786e+00  -4.8665062e-01   5.7252492e-01
   1.9384895e+00   3.1408368e-01  -1.9198863e+00  -1.1840210e+00   2.0571750e-01
  -5.4676699e-02   9.8299037e-02  -8.3753536e-01  -4.2454646e-01   8.6021160e-02
  -5.0003000e-02   2.9957781e-01  -2.1517440e+00  -1.0759971e+00   4.9169710e-02
   8.4699034e-01   6.6008996e-01  -1.9706789e+00  -1.0364251e-01  -2.6472223e-01
  -4.4835301e-01   9.5829645e-01   2.2504871e-01  -4.3230989e-01  -7.0790107e-01
  -7.7252974e-01  -1.5833542e+00  -1.9842189e-01  -4.2405018e-01  -1.7527582e-02
   5.8405319e-01  -7.3175053e-01   6.3469540e-02  -3.8364769e-01   9.1482364e-01
   7.4679420e-01   4.9871425e-01  -1.2605970e+00   5.5354798e-01   1.2023138e+00
   5.7326263e-01   1.4446103e+00  -5.7357282e-01  -1.0983485e+00  -5.1118736e-01
  -1.6815299e+00   1.7874622e-01  -2.0809356e+00   3.0994537e-01  -8.7584376e-01
  -4.8607652e-01  -9.0441482e-01  -6.9173228e-01   1.8524147e-01  -1.1385054e+00
  -1.0721044e+00  -1.6744207e+00  -1.5707450e+00   3.3725628e-01   5.4514276e-01
  -1.2412332e+00  -1.6854346e+00  -2.5358235e+00  -3.5746271e-01  -4.7513404e-01
  -1.1790708e+00  -2.9662288e-02  -4.4110178e-01  -1.8899782e+00  -1.2346828e+00
  -9.7464221e-01  -2.3096326e+00  -1.7779163e+00  -2.0892421e+00  -7.2413098e-01
  -1.2523669e+00  -1.8949125e+00  -8.0609509e-01  -2.2919361e+00  -1.8907968e+00
  -1.5494222e+00  -9.5234429e-01  -1.8321725e+00  -8.3467194e-02  -3.0726580e-01
  -1.5064765e+00  -1.8538058e+00  -1.6612528e+00   7.7703869e-01  -7.3352031e-02
  -2.3027924e+00   3.0734886e-01  -1.0258618e-01  -2.9376769e+00  -2.1451692e+00
  -9.7482442e-01  -2.0964272e-01  -2.3960969e+00  -1.9596245e-01  -1.4828754e+00
  -1.8270174e+00   6.0274005e-01  -1.9126108e+00  -5.7915926e-01  -1.5119005e+00
  -1.9311485e+00  -1.0415509e+00  -5.7719850e-01   4.8756329e-01  -1.0845214e+00
  -5.8272856e-01   8.0693269e-01  -1.0437916e+00  -2.3893526e+00  -1.6398421e+00
  -2.1383645e+00  -6.8094066e-02  -1.0344344e+00  -4.7817221e-01  -3.8495808e+00
  -1.4350322e+00  -1.5063186e-01  -1.0882339e+00  -1.1755753e+00   1.0510226e+00
  -2.6735775e+00   2.9991062e+00  -1.7132711e+00  -1.1303812e+00  -1.9295285e-01
  -9.2645372e-01   9.9008193e-01   2.0023617e+00  -1.2999348e+00   1.3930430e+00
  -7.2979785e-01  -1.9708950e-01  -2.1603603e+00  -6.3078998e-01  -6.5684967e-02
  -1.7417187e+00  -1.6962441e+00   1.7147560e-01  -1.0680826e-01  -1.3316116e-01
  -1.1017636e+00  -1.7175472e-01   3.5867329e-01  -1.4339507e+00   7.2302901e-01
  -4.1513323e-01   5.1401811e-01  -3.2907350e-02  -6.6676880e-01  -1.7810269e+00
  -1.6669020e+00   2.7501308e+00  -2.3580746e+00  -1.2536160e+00  -5.7048969e-01
  -2.4740178e+00   1.3795848e+00   1.0544795e+00  -7.9671008e-01   5.0736446e-01
  -2.8576041e+00   1.1200930e+00   7.9066927e-02   7.1837617e-01  -2.8397589e-01
   5.8688504e-01   8.6623642e-01   8.2902161e-01   1.3610645e+00  -6.2395636e-01
  -2.3319151e+00  -1.0549746e+00  -6.9236412e-01  -2.1481075e+00  -9.7054502e-01
  -3.0192723e+00   1.6077448e+00  -4.9969343e-01  -3.3006514e-01   6.0018467e-01
  -1.2212308e+00   1.4874932e+00  -3.8144781e-01  -1.1459545e+00  -1.8974643e+00
  -2.2532687e+00   6.8821515e-01  -1.3184688e+00   3.3055468e-01   1.2100776e-01
   1.9923074e-01   1.1409732e+00  -8.0167664e-02  -3.6425984e-01  -1.2432193e+00
  -2.2502843e+00   3.2524195e+00   5.2028228e-01  -1.2032018e+00   7.3277429e-01
  -1.5293679e+00   2.0379408e+00  -8.9859518e-01  -6.0555914e-03   1.5184720e-01
  -3.9562236e+00   2.3942336e+00  -6.3132497e-01   7.5555288e-01   3.0476776e-01
  -1.7141448e+00   2.1554056e+00   2.0369955e-01  -9.5189222e-01   2.0871763e-01
  -2.6896684e+00   8.5204573e-01   8.2813163e-01   1.1011193e+00  -1.1776773e-02
  -3.5106150e+00   1.5710157e+00  -9.5385021e-02  -5.4764912e-02  -7.5720681e-01
  -5.2789254e-01   3.4451005e+00  -2.1312990e-01   3.4805361e-01   2.7499194e-01
  -7.6457348e-02   2.1943878e+00  -6.8048216e-01   1.9504912e+00  -7.8567601e-01
  -2.3745493e+00   7.0499862e-01  -1.5887126e+00  -6.1371593e-01   1.0717209e+00
  -3.4962607e+00   2.4747661e+00  -1.3575190e+00   9.5696458e-01  -8.9320474e-01
  -2.5936016e+00   1.3793345e+00   3.3355747e-01   2.3787560e+00  -5.5455107e-01
  -9.6454940e-01   1.5660573e-01  -3.1829735e+00   1.2113102e+00   9.4764393e-01
  -2.2250727e+00   1.9964412e+00  -1.5582173e+00   3.9281595e-01  -1.2338391e-01
  -9.0035633e-01   3.3206982e+00   2.9055610e-01   1.5048560e+00  -1.1926413e+00
  -1.5131930e+00   4.5491788e-01   5.1729043e-01   1.7293112e+00  -8.1335816e-01
  -8.4355442e-01   6.5685877e-01   1.6766948e-01   2.6979672e+00  -2.6455470e+00
  -1.7628961e+00  -4.4541449e-01  -4.8997385e-01  -2.6549633e-01  -4.4944861e-02
  -2.8213131e+00   1.7250901e+00  -1.2175508e+00   9.5222191e-01  -1.2660044e+00
  -2.2833536e+00   1.9457669e+00   4.8878939e-01   3.5725349e-01   9.7372980e-01
  -1.5623985e+00  -4.6607263e-01  -1.4580668e+00  -5.5221526e-01   5.6895419e-02
  -2.5731795e+00  -2.1251867e-01  -3.6633762e-01   2.1820251e+00  -6.3667631e-01
  -1.9430300e+00  -1.3811576e+00  -1.9078309e+00   1.5243131e+00  -5.2099236e-01
  -6.7502993e-01   6.7416883e-01   8.9438268e-02   1.1185023e+00  -4.0342327e-01
  -2.8532603e+00   7.4249142e-01  -1.6469824e+00   1.5795063e+00  -1.7032390e+00
  -2.0471201e+00   1.5111849e+00  -1.9792202e+00   1.1202102e+00   2.7345634e-01
  -2.7936093e+00  -2.2574730e-01  -2.1481076e+00   3.7951364e+00  -1.5998442e+00
  -2.1862598e+00  -1.4586580e-01  -3.0095122e-01   8.3313488e-01  -1.3069757e+00
  -1.4057166e+00   5.6956022e-01   8.5269642e-02   6.6347819e-01  -1.0849510e+00
  -6.7430891e-01  -7.9620735e-01  -1.3550626e+00   1.9492749e+00  -2.9398507e-01
   4.2547844e-01  -1.2447124e+00  -2.6964200e+00   9.2802729e-01  -8.7959997e-01
   1.5573036e+00  -1.3766925e+00  -1.7873056e+00  -9.6104952e-01  -7.6502428e-01
   6.0822361e-01  -7.6279425e-01  -2.9074088e+00  -5.6156685e-01  -1.3185123e+00
  -1.3963437e+00  -1.4037938e+00  -9.1366850e-01  -2.7355136e-01  -3.0354198e-01
  -1.0389843e+00  -1.0739927e+00  -2.1303894e+00  -5.8065496e-01   3.0533029e-02
   9.8608368e-01  -1.4369075e+00  -7.1247898e-01  -6.4906595e-02   8.2350715e-01
  -8.7260165e-01  -3.0719928e+00  -4.9597627e-01   3.4616985e-01  -7.5878699e-01
   3.5749697e-02  -1.7470401e+00  -6.1574117e-01   1.9358110e+00  -2.0139330e+00
   8.4675068e-01  -7.5481238e-01  -2.3188627e+00   1.5324133e+00  -1.0894323e+00
  -9.3454963e-02  -1.2664010e+00   9.9352583e-02   1.6329953e-01  -8.7600494e-01
  -9.6797932e-01  -6.6990549e-01  -7.2042638e-01   1.5035784e+00   2.0267373e-01
   1.6098804e+00  -3.9836567e-01  -4.7537340e-01  -3.0097968e-01  -1.5464661e+00
  -1.2089009e+00  -1.2219893e+00  -1.2031907e-02   1.5607227e+00  -1.3227929e+00
   1.3020085e+00  -3.6036755e+00   1.0471517e+00   1.3001730e-01  -9.6185497e-01
   1.7505494e-01  -1.8208738e+00  -5.6045105e-01   5.7084968e-01   3.2666305e-01
   8.2314440e-01  -2.6918974e+00   8.9418234e-02  -1.2810748e+00  -2.9062535e-01
   7.3782970e-01  -4.9268212e-01  -4.7766402e-01  -7.5317324e-02  -1.1083469e+00
   1.5814980e+00  -1.0795488e-01  -1.9457604e-01   5.5501952e-01  -1.7117694e+00
   6.5824604e-01  -2.0696661e+00   8.0396952e-01  -6.1442444e-01  -8.4605659e-02
   1.9107000e+00  -2.6414266e+00   1.8466801e+00  -1.1984408e+00   4.7452211e-02
  -4.6550354e-02  -1.8586118e+00  -9.9059630e-01   7.6221427e-01  -1.4304378e-01
   1.6584552e+00  -3.0058231e+00  -9.8395046e-01  -4.1806178e-01   7.6363277e-01
   5.2763092e-01  -1.5572192e+00  -7.4852257e-01   4.2338751e-03  -1.2087406e+00
   1.4925310e+00  -3.5269457e+00   1.3105150e+00   8.1166307e-01   9.2503133e-02
   1.8358586e+00  -2.7366695e+00  -3.7638414e-01   4.1114773e-01   2.1500724e-01
   2.0072766e+00  -2.6232196e+00   5.3025511e-01   4.6270689e-01   1.6379721e-01
   2.8109377e+00  -1.8833164e+00   5.8556241e-01  -1.4404269e+00  -1.3143524e+00
   2.6451633e+00  -2.2266376e+00  -1.1625423e+00   8.3739141e-01  -9.4927249e-01
   1.1613805e+00  -1.6435003e+00  -9.8858729e-02   6.0077318e-01  -2.4299938e+00
   5.5969408e-01  -2.3314615e+00   6.4085909e-01   6.7119929e-01  -1.0208537e+00
   2.2831857e-01  -2.1510533e+00   2.4608745e+00  -4.9098991e-01  -4.0557780e-03
  -2.6574328e-01  -1.7482805e+00  -1.8021437e+00   5.0950211e-02  -1.0028407e+00
  -1.6700585e+00  -9.0994649e-01  -1.1285429e+00  -1.4511293e-01  -2.2803305e+00
   1.0011832e+00  -1.6286741e+00   1.0511440e+00  -2.9264299e+00  -6.9108624e-02
  -1.7393274e+00  -1.9713531e+00   7.9701768e-01   1.1150985e-02  -1.4102537e+00
   1.2487127e+00  -3.9840768e+00  -5.5064116e-01  -2.9713435e+00   1.3591728e+00
   1.4131062e+00  -1.3337010e+00  -9.0215726e-01   5.2291988e-01  -1.6661377e-01
  -1.2296401e+00  -1.9577290e+00  -9.0873711e-01  -1.5246146e+00  -6.9277040e-01
   3.2719946e-01  -3.5881990e-01   1.3764642e+00   1.2834657e+00  -9.8361057e-01
   2.0264556e+00  -8.9309628e-01   3.6128826e-01  -4.8911854e-01   1.7924180e+00
  -1.0686652e+00  -1.7851224e-01  -4.8730658e-01   3.5669310e-01  -1.1977761e+00
  -1.1271199e+00  -2.0439988e+00   4.3850963e-01  -5.6879800e-01   4.5499671e-01
   1.7352630e-01  -1.0116186e+00  -1.0899944e+00  -1.6289183e-01   2.6227940e-01
   4.0882232e-01   3.5891990e-01   1.5712846e-01  -2.4303977e-02  -2.4959665e-02
   2.4388873e-01  -4.7582430e-01  -7.6925811e-01  -3.2942576e+00   6.8404426e-01
   8.1587124e-01  -1.9981947e+00  -2.1356150e+00  -1.0734342e+00  -6.4075768e-01
  -5.6492465e-01  -3.1070114e+00  -7.1972521e-01  -3.5091768e+00  -1.3211569e+00
  -1.7499836e-01  -3.5047541e+00  -1.2724168e+00  -3.2939734e+00  -2.0578092e+00
   1.3821693e+00  -1.2188426e+00  -6.9173610e-01  -1.9784582e+00   4.5710026e-01
   9.6706600e-01  -3.2280015e-01  -1.0352728e+00  -5.1097129e-01  -2.5254593e-01
   1.0152863e+00  -2.0079167e+00  -6.9449634e-01  -2.2919967e+00   3.5418983e-01
   9.9673280e-01  -7.4219368e-01  -6.3102076e-01   4.5633911e-02  -8.0338097e-01
  -5.8171026e-01  -1.1873004e+00  -6.8129302e-01   1.4255505e+00  -6.3649518e-01
  -1.7615579e+00   7.3492486e-03  -6.0935673e-01  -1.1048621e+00  -7.7201647e-01
   3.0968020e-01   2.6789958e-01  -1.8858683e+00   3.4744093e-01   1.3052096e+00
   1.9365062e-01   3.5982932e-01  -1.3966090e+00  -1.6792449e+00   6.9763386e-01
  -8.5928063e-01  -2.3798394e-01   2.8643519e-01  -4.9792017e-01  -3.5250884e-01
  -2.2775008e+00   1.5191572e+00   1.8365019e-01  -1.5749469e+00  -1.1591933e+00
  -1.1506837e+00   4.7063349e-01  -6.5205681e-01  -1.0297945e+00  -3.5536293e-01
  -1.8491836e+00  -2.1417241e+00  -1.0375367e+00  -1.5605629e+00   3.7529232e-01
  -7.8296898e-01   1.3547385e-01   1.4138635e-01  -1.4250588e+00  -4.2043619e-01
  -1.6496322e+00  -4.2012406e-01   4.8318793e-02  -1.7367427e+00   1.2227478e+00
  -2.3254821e-02  -2.6992628e-01   2.6263004e-01   6.2624410e-01  -1.5305507e+00
  -8.0103545e-01   2.6959149e-01   3.9052051e-01   8.1516871e-01  -4.5117573e-01
  -1.2402666e+00   3.3334012e+00   3.2542431e+00  -1.0965464e+00  -2.0367350e+00
   4.8467260e-02   3.6049423e-02   1.0901289e+00   4.1417795e-01   6.8838727e-01
  -1.4479158e+00   1.9188256e+00   1.1114877e-02  -1.0430593e+00  -1.7930224e-02
  -9.1524175e-01   1.7807256e+00   1.0348803e+00  -2.0188055e-01  -1.5876505e+00
  -5.2933488e-01  -2.9604701e-01   6.3063270e-01   5.8346467e-02   2.2618447e-01
  -1.6985979e+00  -9.4462073e-01   2.0892033e-01  -1.4174070e-01  -9.9294636e-01
   1.6366616e-01   1.6164649e+00   1.5858106e-01  -7.2937267e-01  -7.0211620e-01
  -1.9258694e+00   9.8702734e-01  -1.1497051e+00  -1.5221151e+00  -6.7622063e-01
  -1.7157615e+00  -1.9841936e+00  -1.9072145e-02  -2.7294228e-01  -8.8958391e-01
  -2.7400847e+00  -1.1375424e+00  -2.4730057e+00  -5.7060260e-01  -2.3686045e+00
  -1.8622795e+00  -4.1639276e-01  -3.7727764e-01   1.5112099e-01  -1.1602361e+00
  -2.2711752e-01  -3.3403719e-01   1.4230048e+00  -2.5063533e-01  -2.1302773e+00
  -2.4565509e+00  -4.1103251e-01   6.0045945e-01   9.5171257e-01   3.0771108e-01
  -1.0365309e+00   9.4380186e-01   4.0051334e-01  -6.2336656e-01   3.7612054e-03
  -1.5376336e+00   5.2293653e-01   1.2029003e+00  -3.3744040e-01  -5.0860709e-01
  -2.0164696e+00   5.2253445e-01   1.1364974e+00  -7.9335564e-01   1.1764163e-01
  -1.4782937e+00  -1.4840116e+00   2.4730255e-01  -1.6421181e+00   9.8652079e-02
  -2.6731922e+00   6.9828514e-01  -8.3526859e-01  -4.4581108e-01  -2.0826411e+00
  -1.1072562e+00   4.7175932e-01   1.5187781e+00  -7.2879098e-03   2.4307622e-01
  -6.6738504e-01   2.7455810e+00   5.5745373e-01   1.5592501e+00   6.9180792e-01
  -5.4093560e-01   8.2666910e-01   1.1092633e+00   2.0980285e+00   1.5015738e+00
   2.4441239e-01   6.9901289e-01   1.1391787e+00   1.6500108e+00  -5.6389278e-01
  -1.9244532e+00  -4.6884527e-01   1.0044459e+00   1.5272573e+00  -2.2913276e+00
  -6.0283762e-01  -6.1180536e-01   9.9213328e-01   2.3184983e-01  -5.8149479e-01
  -1.5834614e+00   8.9998455e-01   1.4672991e+00   1.1129126e+00  -1.5713666e+00
  -2.0639513e+00  -1.1941756e+00   1.0817615e+00  -7.3642959e-01   1.4408558e-01
  -4.9572156e-01   1.2159024e+00   1.7176177e+00  -9.0931976e-01  -2.2386177e-01
  -1.6524211e+00   6.8189901e-01  -1.0385242e+00   1.1035066e+00  -8.6103267e-01
   8.4775346e-01   6.8109374e-01   3.2777792e-01   1.2722667e+00  -3.0444161e+00
  -1.2294143e+00   7.6992420e-01   1.4122693e+00   6.8485573e-01   4.4586582e-01
  -4.0657382e-01  -9.3237238e-01  -2.5328288e-01  -1.1441380e-01  -4.5694196e-02
  -4.6382329e-01   1.5150051e+00  -1.1287919e+00   9.2779711e-01  -5.6338667e-02
   1.0132349e-01   8.2965682e-01   1.2248705e+00   5.4099884e-01   4.5353386e-01
   4.1437083e-01   6.8090918e-01   2.6614643e-01   2.9055411e+00   6.7905556e-01
  -3.4874729e-01   5.8169307e-01   8.3002386e-01   4.5579586e-01   9.4264692e-01
  -9.1277654e-01  -6.6570838e-01   8.0596876e-01  -3.1255932e-01   1.2230913e+00
   1.0368064e+00  -3.6487888e-01  -1.6332940e-02   1.9520194e+00   1.0756044e+00
  -9.5622236e-01   1.4695903e+00   5.2574038e-01   1.2708083e+00   2.7441219e-01
  -3.5301001e-02   1.5093239e+00  -2.6120649e+00   1.6996992e+00   1.7712642e-01
  -2.6200278e-01   6.7017940e-01  -9.1119966e-02   1.5841188e+00  -3.5105304e-01
  -7.8695647e-01  -2.6202187e+00  -9.5479444e-01   1.3580484e+00   1.6101591e+00
   1.9158175e-01   2.7675030e-01   5.3046218e-01   7.7511007e-01  -9.3330265e-01
   1.4211477e-03   5.6793493e-01  -1.4096426e+00   6.2713520e-01   3.5898848e-01
  -7.7444080e-01  -3.1639246e-01  -4.5283868e-01   2.3436191e+00   1.0688622e+00
  -2.0486927e-01  -3.3932453e-01   8.5512575e-01   7.1434138e-01   8.6282765e-01
   1.0021628e+00   2.6898702e+00  -1.1539938e+00   1.3248354e+00   1.7978759e+00
  -2.9529636e-02   1.1109920e+00   5.5869321e-01   2.1817782e+00   2.9000183e-01
   1.4038478e+00   1.1288398e+00   1.4957745e+00   1.8756380e+00   1.9637735e+00
   4.8796139e-01   3.3288099e-02   1.3213194e+00   1.5783552e+00  -1.5778202e-02
   1.7699604e+00   8.3699526e-01  -1.1543683e-01   2.3028090e+00   1.1470965e+00
   2.3099892e-01  -1.0116701e+00  -4.8821898e-01  -5.2812085e-01  -4.2449948e-01
   1.0084494e-01  -9.5820368e-02   5.0393935e-01   9.3147121e-01   1.0220326e+00
   4.6760387e-01  -7.8929389e-01  -4.1803856e-01   3.9226579e-01  -8.4378200e-01
  -7.7830805e-01  -9.0829771e-01  -5.8718347e-01   1.6563452e+00  -4.1306411e-01
   1.1296993e+00  -2.5395508e+00   7.7488136e-01   1.4575781e+00   4.2092079e-01
   1.2229750e-01  -2.8992553e-01  -1.6055893e+00  -2.5343706e-01  -6.4204087e-01
  -6.0371765e-01  -1.1371459e+00   4.0720924e-01   1.1795651e+00   1.5925322e-01
  -1.0115397e+00  -1.6608415e+00   1.4983592e+00  -8.3781988e-02   3.6906476e-01
   2.1314307e+00  -1.2491853e+00  -7.5078896e-01   1.5589763e+00   5.7068059e-01
   1.2205568e+00  -1.0342125e+00  -4.0231681e-01   6.5436663e-01  -1.5079137e+00
   1.1208016e+00  -2.1351079e+00  -2.6683988e+00  -1.1607311e+00  -8.8272616e-01
   6.3184762e-01  -1.2932006e+00  -1.3006204e+00   8.9551024e-01  -1.9183208e+00
   1.1353995e+00  -2.7228448e-01  -1.8127298e+00   9.0019952e-01  -5.1837320e-01
  -1.1511838e+00  -3.0456988e+00  -4.0107740e+00  -1.4204399e+00  -3.0709702e+00
  -1.9254027e-01  -2.6492061e+00  -1.3017269e+00  -1.9046435e+00  -6.1909436e-01
  -4.8711436e-01  -7.3292860e-01  -1.6014870e+00  -1.6351692e+00   2.4791074e-01
  -5.0301870e-01  -2.5006848e+00  -3.8166533e+00  -6.6619198e-01  -1.9139291e+00
  -1.3375373e+00  -1.2898780e+00   3.0166394e-01   7.6670535e-01  -2.4191673e+00
   2.2885494e+00  -7.4785684e-01  -6.4912004e-01  -2.0490938e+00   1.2718568e+00
   1.5430738e+00  -1.1546730e-01  -7.5977192e-01  -7.3815411e-01  -6.8335133e-01
   1.0303113e-01  -2.0526175e+00   3.3184499e-02   3.7055673e-01  -1.6727375e-01
   5.0706194e-01  -5.2174333e-02  -1.3764135e+00  -1.7234226e+00  -6.2894628e-01
  -2.8041611e+00  -1.9411821e-01   1.0748048e+00  -4.0547814e-01   7.1307950e-02
   4.0897262e-01   3.4484863e-01  -1.2589168e+00  -1.7373136e+00   1.5102442e-01
   2.2583826e-01  -9.7207263e-01  -1.4683892e+00  -8.9174767e-01   4.9927923e-03
  -2.0666108e+00  -3.7508813e-01   2.6088580e-01  -7.4060093e-01   1.5888872e+00
  -1.6451124e+00  -4.4398014e-01   2.8423184e-01  -1.6250927e+00  -3.5615676e-01
   4.3090940e-01  -6.3740689e-01   2.3038376e+00  -6.5305861e-01   6.2999441e-03
  -7.0851807e-01   1.1547892e+00  -4.1012359e-01  -1.4266060e+00   6.2884079e-01
   1.5238168e+00   8.5338867e-01   7.1958931e-01  -5.0291626e-01  -1.0519860e+00
  -5.9836620e-01   1.7763244e+00   1.2325074e+00  -2.7475566e+00  -3.6281095e-01
  -3.3222452e-03   1.3251972e+00   6.7397268e-01   1.0356075e+00  -9.5674407e-02
   1.9402835e-01   2.3234412e+00   8.3814969e-01   9.4439102e-01   5.0111388e-01
  -1.2337239e+00   2.6534117e+00   1.6017492e+00   1.9052387e-01   3.2901347e-01
  -7.0011056e-02   4.1561791e+00   1.6313412e+00   1.6931416e+00   2.5222464e-01
  -3.8863884e-01   2.8602749e+00   2.9707036e+00   3.9997126e-01   1.6731348e+00
   1.7958881e+00   1.8541259e+00   3.5469303e-01   1.4764495e+00  -6.4552939e-01
   1.0855295e+00   2.1027371e+00  -1.1299839e+00   5.8484618e-01   8.8552381e-01
  -2.2856063e+00   1.4181154e+00   1.3423612e+00   2.6415847e+00   2.5192834e+00
  -1.9022510e+00   3.0879574e+00   1.6017995e+00   5.5248879e-01   6.5288883e-01
   2.0571916e+00   4.0765336e+00   1.4033085e+00   1.9828983e+00   5.8676237e-01
   1.7348151e-01   2.2106759e+00   1.5043842e+00   2.1247280e+00   1.3994752e+00
  -1.0926609e+00   7.0268398e-01   9.6819062e-02   1.2510738e+00   3.3975205e-01
  -6.9465761e-01   3.7491988e+00   1.9129504e+00   1.3264822e+00   2.1074111e+00
   2.4725318e-01   1.9949222e+00   5.5765373e-01   9.1884142e-01  -3.1879849e-01
  -7.4819367e-01   2.8913794e+00   4.7988898e-01   2.7803673e+00   1.7521873e+00
   8.1682001e-01   1.8220547e+00   2.0138337e+00   3.9122048e+00   8.1897748e-01
   5.5244337e-02   2.5996525e+00   1.1859281e+00   3.3300422e+00   2.0138545e-01
  -1.1142444e+00   2.9806660e+00  -1.1157687e+00   2.1404371e+00   2.4245737e+00
   1.5018282e+00   2.0379376e+00   3.7689467e-03   2.6946026e+00   2.5256004e+00
   1.5865167e+00   7.0587181e-01   1.6853141e+00   3.6765743e+00   1.6529849e-01
   1.9245429e+00   9.2528757e-01   1.4624222e+00   1.0924907e+00   1.1480522e+00
  -4.5370539e-02   1.5238557e+00  -9.5982473e-01   2.0734966e+00  -1.4015543e+00
   5.6990161e-01   1.9383351e+00   1.9661222e+00   1.6155095e+00   1.4353812e+00
   1.4104974e+00   1.7284246e+00   7.6186257e-01   5.2135260e-01   1.2495692e+00
   1.4294258e+00   1.1399386e+00   3.2522011e+00   1.9572553e+00   2.9645873e+00
   1.1610345e+00   2.0070165e+00   9.8124330e-01   2.3734662e+00   3.0230386e+00
   1.7351651e+00   1.6562215e+00  -3.6550373e-01   5.2265950e-01   7.6927969e-01
  -1.5262600e+00   1.3015814e+00  -9.0661143e-01   2.2299597e+00   8.6550810e-01
   2.8233331e+00  -4.7658583e-01  -3.1666893e-01   3.3797852e+00   1.9189262e+00
   2.3135170e+00   2.6275515e-01   1.6111139e+00   2.7760211e+00   5.3304828e-01
   1.4276670e+00   3.2451884e+00   2.8889531e-01   2.7131482e+00   3.9228872e-01
   4.7149777e-01   3.1180802e+00  -4.1492699e-01   2.8877339e+00   8.2402079e-01
   9.3102020e-01   1.9902119e-01   8.7106278e-03   1.5035761e+00   1.9268468e+00
   2.1419630e+00   1.9561391e+00  -3.3572728e-01   1.6048613e+00   3.4138881e+00
   1.3677312e+00   1.3882056e+00  -2.6198086e-01   2.5128153e+00   1.2236564e+00
   1.1823658e+00   1.4875333e+00  -7.6124276e-01   2.3134274e+00   5.4149984e-01
   1.6499186e+00  -4.0657029e-01   2.7156554e+00   1.8526694e+00   1.4555048e+00
   2.9654734e+00   9.2334709e-01   1.0560394e+00   2.4579734e+00   2.1777320e+00
   2.4679962e+00   1.3502014e+00   8.3492006e-01   4.9222566e+00   1.6719075e+00
   4.8101106e-01   1.2698329e+00  -2.3843588e-01   4.1032594e+00   3.0609090e+00
  -8.7988777e-02   1.3527230e+00  -7.1367127e-01   3.9482093e+00   2.4463049e+00
   1.4157901e+00   1.3159090e+00   5.9106263e-01   2.2595696e+00   1.0676870e+00
   1.0261520e+00   3.9138391e+00   3.0241482e-01   1.5594528e+00   2.6806471e+00
   3.1074937e-01   2.4303245e+00  -1.5607808e+00   2.0184973e+00   1.7106017e+00
   2.0154380e+00   1.7513261e+00  -1.3890137e+00   9.6365250e-01   2.6691129e+00
   1.2276452e+00   7.8090007e-01   4.7634946e-01  -1.3744693e+00   7.1202820e-01
   1.7065030e+00   3.3223345e+00  -3.3566597e+00   1.4450914e+00  -7.7517037e-03
   9.9542764e-01   1.1014962e+00  -8.2402844e-02   4.6726752e-01   5.0659310e-01
   1.0932557e+00  -4.3443866e-01   9.1292162e-01   1.3090975e+00   2.4454115e+00
   1.3464082e+00   4.5188856e-01  -1.1275888e+00  -8.5647961e-01   1.0642607e+00
   9.8888607e-01  -1.2202668e+00  -2.0653207e+00  -2.0811994e+00   1.0371003e+00
  -8.7127826e-01  -1.9601717e-01  -2.5186302e+00   1.8795312e+00   8.6388999e-01
   1.2089256e+00  -1.0603972e-01  -2.8056048e+00   5.8696407e-01   1.7918337e+00
   7.5211764e-02  -6.8751973e-01  -2.5132266e+00  -2.8987012e-01  -6.0940296e-02
   4.7296837e-01  -2.2305091e-02  -2.7378406e+00   3.4974887e-01  -1.4873963e+00
  -6.0192514e-01  -1.0417709e+00  -4.1339994e+00  -8.4681148e-01  -8.9416644e-01
  -7.8255635e-01  -1.6632131e+00  -3.5615400e+00  -1.5029613e+00  -2.3057759e-01
   5.2039352e-03  -2.4883980e+00  -3.8065595e+00  -1.7536339e+00   4.5216411e-01
   8.0160221e-01  -2.0900167e+00  -3.6329474e+00  -9.5662429e-02   1.2161619e-01
  -1.1296036e+00  -2.7180980e+00  -2.0075330e+00  -3.1951954e+00  -3.2596478e-01
  -1.2140317e+00  -1.6135771e+00  -4.5243260e+00  -1.5692415e+00  -2.4196558e+00
  -3.8879323e-01  -3.3650329e+00  -2.5640838e+00  -1.0866077e+00  -1.2548437e+00
   2.2472359e+00  -1.0216989e+00  -2.5979187e+00  -1.2636765e+00  -1.4806425e+00
  -6.6914448e-01  -1.4274112e+00  -5.1565227e+00   1.4898810e-02  -7.4805528e-02
  -1.7188534e+00  -1.2986488e+00  -2.7201891e+00  -1.7503614e+00  -1.0246379e+00
  -5.1980914e-01  -4.3619074e+00  -3.3877075e+00  -2.5282083e+00  -9.7671008e-01
  -2.4539934e+00  -2.7104558e+00  -2.0350700e+00  -1.4030832e+00  -6.0801582e-01
  -1.5654564e+00  -1.9648875e+00  -1.8464276e+00  -2.1890360e+00  -7.5017232e-01
  -1.3091017e+00  -1.0765233e+00  -3.1337826e+00  -1.7514310e+00  -5.2969735e-01
  -2.1079223e+00  -3.9083550e+00  -4.7489450e+00  -1.5781480e+00  -3.0160734e+00
  -9.4673326e-01  -2.4540362e+00  -2.8872324e+00  -1.6405530e+00  -1.7420076e+00
  -2.7530602e+00  -2.3503668e+00  -3.2953468e+00  -1.7751349e+00  -3.9076899e+00
  -2.6775211e+00  -2.9323050e+00  -2.6307754e+00  -2.4978101e+00  -3.5480734e+00
  -3.3064747e+00  -2.5470259e+00  -1.4242659e+00  -3.6385595e+00  -1.3540988e+00
  -2.7277331e+00  -3.2365166e+00  -4.6181962e+00  -3.3801813e+00  -4.0852318e+00
  -2.4131236e+00  -1.7214839e+00  -2.7786003e+00  -3.1328756e+00  -4.0988288e+00
  -1.8314612e+00  -2.9780930e+00  -2.4780629e+00  -2.9714537e-01  -3.9878082e+00
  -3.2571413e+00  -1.4941974e+00  -2.3027530e+00  -3.1459377e+00  -1.7469649e+00
  -2.3893995e+00  -1.0549500e-02  -1.8934333e+00  -2.6364823e+00  -3.7130438e+00
  -2.3361271e+00  -3.0242057e+00  -4.5684905e+00  -1.2697305e+00  -3.2460261e+00
  -3.2374777e+00  -1.3949465e+00  -2.8285841e+00  -1.5106037e+00  -1.7787491e+00
  -1.8290666e+00  -1.6957824e+00  -2.1513611e+00  -1.3089327e+00  -2.2153729e+00
  -2.2396217e+00  -2.4994357e+00  -2.8882668e+00  -4.3076872e+00  -7.1972621e-01
  -2.8390264e+00  -1.7402600e+00  -2.8097849e+00  -1.2376330e+00  -3.9217268e+00
  -3.2765751e+00  -4.0210869e+00  -2.5409973e+00  -2.1161857e+00  -2.2546743e+00
  -3.4497551e+00  -1.2826773e+00  -2.9789202e+00  -2.1611989e+00  -3.1471281e+00
  -1.8710855e+00  -2.7977802e+00  -1.8961247e+00  -1.3885104e+00  -1.7857080e+00
  -2.8277820e+00  -6.9219630e-01  -1.8575237e+00  -2.2288632e-01  -9.6791367e-02
  -1.1690398e+00   1.3866849e+00  -1.7694118e+00  -3.1664255e+00  -7.9412060e-01
  -2.1017240e+00  -7.6127588e-01  -1.4310915e+00   3.5631796e-01  -5.0316571e-01
  -1.1414907e+00  -3.6814501e-01  -4.9143239e-01   1.0895414e-01  -3.7935214e-01
  -9.2635600e-01  -4.9530693e-01  -1.4717674e+00  -3.1193870e+00  -2.8149652e+00
  -3.4422220e+00   1.0646907e+00   1.4937114e+00  -8.1138536e-01  -5.7857029e-01
  -2.0062188e+00   1.5217028e+00   1.1092243e+00  -4.6885997e-01   9.2351957e-01
  -2.2739991e+00  -7.2028269e-01   1.4188542e+00  -5.8090491e-02  -8.3716023e-01
  -1.8570262e+00  -1.1185021e+00   7.9281246e-01  -1.0888575e+00   6.5464700e-02
  -2.3764574e+00   8.9055662e-01   1.0002211e+00  -2.1596952e+00  -7.6435065e-02
  -5.7838641e-01   5.1792619e-01   1.2143439e+00  -1.6282734e+00  -1.4204523e+00
  -3.6274881e-01   4.1525572e-01   9.5720416e-02   9.8418341e-01  -2.7320915e+00
  -1.2665915e+00   1.8788355e+00   2.3330255e+00  -2.4290043e-02  -1.4539633e-02
  -2.0865232e+00   2.9051599e-01   1.4607610e+00   7.4006087e-01   6.5115877e-01
  -2.4723106e-01  -8.4580885e-01   1.4514472e+00   8.7640919e-01  -1.6646178e+00
   1.9468933e-01   1.8513149e+00   1.0092364e+00   3.4545074e+00   5.3813951e-01
   2.8284919e+00   2.3480905e+00  -2.4347434e-01   3.1320207e+00   3.0140149e-01
  -1.1532472e-01   2.5422891e+00   3.0472552e+00   2.3219774e+00  -1.5162384e+00
  -1.0075771e+00   2.8702231e+00   3.7499410e+00   2.3266833e+00   1.5954166e-01
  -1.0169659e+00   1.1012043e+00   3.0378403e+00   1.6088992e+00   1.6453655e+00
  -1.3067034e+00   2.8623062e+00   2.1783152e+00   3.4382543e+00  -7.8093248e-01
  -1.4040504e+00   2.2204650e+00   2.5326343e+00   1.4405531e+00   9.2392253e-01
   5.9875827e-01   1.0703550e+00   4.0113310e+00   2.6125611e+00   6.7057813e-02
   4.8635863e-01   4.5508727e+00   5.1296035e+00   5.0199579e+00   1.0837129e+00
  -1.4296083e+00   4.8065410e+00   2.1444977e+00   4.7286813e+00   3.0264432e+00
  -6.3956538e-01   4.7089360e+00   3.2641841e+00   4.2228591e+00   2.5705048e+00
  -6.9885454e-01   3.1051031e+00   3.7816667e+00   3.4637313e+00   3.0375096e+00
   2.3026714e-01   3.2705116e+00   1.4384926e+00   2.8423876e+00   4.4211674e-01
   1.3964284e+00   2.1120427e+00   4.0381376e+00   4.4285659e+00   2.2646255e+00
  -1.3800033e+00   2.0197610e+00   8.0519509e-01   4.2064091e+00   1.0555044e+00
   2.1554123e+00   3.3381002e+00   9.2469658e-01   3.5453607e+00   8.0099266e-01
   1.1619500e+00   3.3580553e+00   2.0085350e+00   3.6667011e+00   1.3292222e+00
  -1.6229775e-02   1.3154666e+00   2.2805617e-01   2.5851863e+00   1.9542807e+00
   2.8498178e+00   2.0952319e+00   1.5603075e+00   4.9533617e+00   2.6200761e+00
   1.0413077e+00   2.6303357e+00   2.0149748e+00   4.8585838e+00   2.3737010e+00
   3.6896893e+00   1.1913591e+00   2.0504887e+00   3.9513098e+00   2.8904146e+00
   1.5618065e+00   1.6635790e+00   8.8225205e-01   4.4155519e+00   2.7091395e+00
   2.0532722e+00   1.5817492e+00   1.9824642e+00   3.7548773e+00   1.6244164e+00
   1.3604250e+00   7.5531589e-01   6.5674431e-01   3.1607025e+00   2.6825391e+00
   3.0159078e-01  -2.4477114e-01   1.0962707e+00   3.3052184e+00   3.2092672e+00
   1.9450630e+00   2.4373399e+00  -1.2393703e+00   4.3965123e+00   2.3118445e+00
   2.8539744e+00  -6.8122527e-01  -1.6330801e-01   2.0874483e+00   3.1944471e+00
   2.6335388e+00  -3.0941377e-01  -4.8478325e-01   1.1836378e+00   2.4537600e-01
   8.4463121e-01   2.1308329e-01   6.0576267e-01   8.9641408e-01  -6.0522570e-01
   1.7029867e+00   1.5640314e+00  -2.1636156e-01   1.8724316e+00   7.8119788e-01
   2.2412206e+00   1.9263605e+00  -7.0531221e-01   2.3590720e+00   1.3877695e+00
   4.1452945e+00   2.3308708e+00  -1.4435930e-01   4.2208118e+00   8.3511136e-01
   4.9057176e+00   1.3627007e-01  -2.2617416e+00   2.4939362e+00   1.9905307e+00
   2.5002518e+00  -1.2866536e-01  -7.7938656e-01   1.6000201e+00   1.7188249e+00
   2.6240217e+00  -3.3859180e-02  -1.2302080e+00   9.3273438e-01   1.3416507e+00
   2.8444030e+00  -5.6380988e-01  -2.7062461e+00   2.1482929e+00   1.5510585e+00
   2.6819781e+00  -1.1053674e+00  -2.6125951e+00   1.9222669e+00   1.5025197e+00
   2.0233088e+00  -1.8064203e+00  -3.1352961e+00  -6.1178201e-01   2.1069323e+00
   1.1572419e+00  -1.9136269e-01  -2.2046787e+00   1.0813880e+00   9.0029555e-01
   1.0819056e+00  -2.5304497e-01  -1.9601262e+00   6.5994949e-01   7.7730570e-01
   8.8822598e-01  -2.0002392e+00  -3.9901656e+00  -6.4145707e-01  -4.1569693e-01
   1.6864199e+00  -6.7785353e-01  -3.7780850e+00   1.9193888e-01   1.1569115e+00
   2.4087567e+00  -4.3278252e-01  -2.0496432e+00  -1.2616438e+00  -1.1081965e+00
   8.9733818e-01   1.6269140e+00  -3.6949537e+00  -7.2510659e-01  -9.8852015e-01
   2.2402749e-01  -1.1656001e+00  -4.5699388e+00  -6.7662017e-01  -8.6498059e-02
   1.5666966e+00  -5.1977239e-02  -2.3378470e+00  -1.4395728e+00  -2.6973615e+00
  -5.7800349e-01  -2.7043686e-01  -3.6575744e+00  -3.1233231e+00  -3.5366078e-01
   9.7032514e-01  -1.5340437e+00  -2.5455587e+00  -1.6998923e+00  -1.3238648e+00
  -2.2752232e+00  -4.5031481e+00  -4.9870637e+00  -1.7032243e+00  -6.0814064e-01
  -1.9009810e+00  -2.6253231e+00  -4.7995936e+00   4.2171814e-01  -1.3882135e+00
  -2.1342368e+00  -7.4673412e-01  -3.7838889e+00  -2.3900442e+00  -7.2869098e-01
  -1.8055965e+00  -3.6469218e+00  -2.3897690e+00  -2.5891240e+00  -1.5497397e+00
  -3.6842747e-02  -1.8272499e+00  -4.7291399e+00  -9.5764287e-01  -2.6336402e+00
  -2.4344637e+00  -1.7156370e+00  -4.6370557e+00  -2.8044122e+00  -3.5756051e-01
  -2.8201588e+00  -6.9316237e-01  -4.0095517e+00   3.8921129e-01   5.4537516e-01
  -1.3752844e+00  -6.1572979e-01  -2.6347546e+00  -2.8954510e+00  -1.3315419e+00
  -8.9380977e-01  -8.0445686e-01  -9.0642085e-01  -9.7761780e-01   2.0203846e-01
  -2.2463084e+00  -9.8829359e-01  -1.9840744e+00  -3.1283877e+00  -1.2750151e+00
  -1.0548779e+00  -1.6084553e+00  -3.0688363e+00  -3.2853053e+00  -1.7703059e-01
  -2.5442545e+00  -1.2186204e+00  -3.2239814e+00  -2.7460760e+00  -1.5053621e+00
  -3.0035749e+00  -1.3078875e+00  -3.4633347e+00  -2.0306852e+00  -2.3938571e+00
  -3.7178147e+00  -2.2790139e+00  -1.3902326e+00  -3.3219763e+00  -2.2507830e+00
  -2.8505994e+00  -3.7992148e+00  -3.5067141e+00  -3.0463096e+00  -1.0177082e+00
  -3.8235949e+00  -5.0146772e-01  -7.9092378e-01  -2.9128804e+00  -3.1970511e+00
  -1.8740566e+00  -1.3112791e+00  -2.4640330e+00  -1.9354387e+00  -1.5733863e+00
  -1.3097253e+00  -3.4194204e-01  -2.9755874e+00  -2.9714973e+00  -1.4779325e+00
  -7.8214306e-02  -3.0058521e+00  -1.8320878e+00  -1.9504493e+00  -7.1710227e-01
  -2.4537783e+00  -1.1860019e+00  -1.1161406e+00   3.0581705e-01  -1.3996573e+00
  -7.1586217e-01  -1.8432242e+00  -2.6260692e-01  -1.3093278e+00  -3.2939414e+00
  -3.0352370e+00  -2.5688996e+00  -3.8785363e+00  -3.0051906e+00  -1.7526486e+00
  -9.5731001e-01  -2.1823684e+00  -1.8244907e+00  -5.0820139e-01  -3.5370663e-01
  -9.8895904e-01  -9.8089482e-02  -2.4387017e+00  -8.0882188e-01   1.8993304e+00
  -2.4348768e+00  -1.4078315e+00  -3.3184946e+00  -1.4908473e+00  -1.3895878e+00
  -2.9368687e+00  -1.8171320e-01  -2.6381264e+00  -5.4483532e-01  -8.6119652e-01
  -1.1241729e+00   1.3720652e+00  -4.1240418e-01   2.2310076e-02  -8.6479711e-01
  -1.6933933e+00  -1.1343413e+00  -3.1917019e+00  -6.8509030e-01  -1.3075028e+00
  -2.3390287e+00   9.3028442e-02  -8.4062156e-01   1.8448311e-01  -2.3422391e+00
  -2.8261196e+00  -7.4072050e-01  -2.0207697e+00  -1.5519202e+00  -1.7576805e+00
  -4.7379765e+00  -2.4397739e+00   1.4946379e-01  -3.2373504e+00  -1.0356837e+00
  -2.2212899e+00   1.7141550e+00   1.5989009e-01  -1.7550444e+00  -1.7501308e+00
  -2.4718609e+00  -1.1687091e+00  -8.2533720e-01  -1.7947216e+00  -1.2560150e+00
  -9.9900764e-01  -2.3846707e+00   9.3159263e-01  -2.7228154e-01  -2.2907407e+00
  -2.6864595e+00   8.0378127e-02  -1.0852804e+00  -1.0635231e+00  -3.3454174e+00
  -2.2889091e-01  -1.4844165e+00  -2.5446653e-01  -1.3790935e+00   4.5071339e-01
  -1.9314593e+00  -1.4474814e+00  -1.2688357e+00  -6.8382566e-01  -1.2616294e+00
  -2.4488517e+00  -1.7508811e+00   2.2703712e+00  -1.7107888e+00  -2.1521856e+00
  -1.6601531e+00  -1.2502817e-01   1.0352233e+00  -8.2593876e-03   8.4293073e-01
  -1.5760617e+00   1.7478580e+00  -3.7518496e-01  -6.7462693e-01  -9.6014800e-01
  -1.9161366e-01   1.4117990e+00   1.7921786e+00  -9.2170677e-01  -1.0318769e-01
  -5.0628929e-01   1.1157558e+00   7.6663611e-01  -9.7390299e-02  -1.5121822e+00
  -6.5807646e-01   1.2741020e+00   5.9214314e-01   9.3581797e-01   3.1184959e-01
  -1.0776707e+00   5.5425370e-01   6.7867977e-01   1.0367360e-01   1.4282873e+00
  -1.7391312e+00  -1.3416347e+00   2.6655476e+00  -3.8259714e-01   6.0536715e-01
  -6.9081778e-01  -7.9593496e-01   1.1118053e+00   1.2933494e+00   2.1840648e+00
  -6.9528803e-01  -7.0213999e-02   1.5076992e+00   2.0925306e+00   1.0396387e+00
  -5.3890803e-01   7.7227378e-01   3.4632604e+00   9.8017641e-01   4.9212084e-01
  -1.2244316e+00   1.1635046e+00   1.0086566e+00   8.3045731e-01   1.2278301e-01
   2.9564299e-01   2.7226771e+00   1.2805352e+00   1.3462154e+00   1.0927546e+00
   1.2335063e-01   1.5135432e+00   8.4116421e-01   2.2433784e+00  -4.4908941e-01
  -5.0620342e-01  -6.2070084e-01   2.0293806e+00   2.1205261e+00   1.4071402e-02
  -1.6135860e+00  -3.0262198e-01  -3.2607805e-01   1.2103536e+00   7.2191863e-01
  -1.9928135e+00  -1.9036394e+00   2.0155930e+00   1.0712663e+00   3.7742503e-01
   1.4581176e-01  -8.8420103e-01   9.6480999e-02   3.4875479e+00  -4.3624914e-01
   2.9143684e-01   5.3644317e-01   1.3379733e+00   2.2912258e-01   3.9704057e-01
   1.3413479e+00  -1.0074776e-01   1.2881630e+00   1.5483247e+00  -1.0139756e-01
   4.7878041e-01  -2.6729270e-01   7.0114619e-01   2.0666326e+00  -1.5458799e+00
   2.5770815e-01   8.2014803e-01   1.3797233e+00   2.8921398e+00   1.9499970e-01
   2.1494605e+00   7.1115410e-01  -4.5772941e-01   1.4524967e+00   1.1386161e+00
   1.9921489e-01   6.3995876e-01   1.0681282e+00   9.9430019e-01  -5.1281753e-01
   7.2933898e-01   4.5943297e-01   3.2608981e+00   2.5137923e+00  -6.8029253e-01
   1.8554314e+00  -1.9457610e+00   1.7631476e+00   1.3769638e+00   1.4891413e+00
   1.9871408e+00  -1.2351784e-01   8.2460988e-01   1.3177174e+00   3.0468735e-01
   3.6029355e-01   1.8411725e+00   2.6368289e-03   4.9565836e-01   3.3099983e-01
   1.7395441e+00  -7.4799705e-01   1.3611818e+00   2.9017442e+00   1.1892402e+00
   1.3645224e+00  -6.8740048e-01   2.1783753e+00   8.5323826e-01   1.1572926e+00
   5.8890695e-01   6.1658173e-01   2.3097630e+00   1.5093154e+00   1.5108667e+00
   1.6156432e+00   1.9476887e-01   2.6401214e+00   1.1607611e+00   2.3231218e+00
   4.0968525e+00  -1.4107010e+00   5.7846105e-01   1.9989381e+00   2.2537824e+00
   3.0346779e+00  -1.6542650e+00   1.8445325e+00   2.5656527e+00   1.9702037e+00
   2.3234961e+00  -9.8372147e-01   2.4318352e+00   1.8871513e+00   1.7333811e+00
   1.8535178e+00   9.6643405e-01   1.3434908e+00   2.6377462e+00  -5.3124836e-01
   3.1066477e+00   3.1795637e-01   1.8812606e+00   2.4256211e+00   4.5719687e-02
   1.5185033e+00  -1.5408857e+00   2.0806326e+00   1.5111200e+00   2.0997748e+00
   1.1381118e+00  -1.9666482e+00   1.7221318e+00   5.9936147e-02   1.0500505e+00
   2.0008576e+00  -1.5526233e+00   1.5712000e+00   2.0812489e+00   1.4707177e+00
   1.5453723e+00   1.1034822e+00  -1.1099123e-01   1.4728890e+00  -7.4606403e-01
   1.5574159e+00  -6.3731431e-01   1.4396980e+00   1.1430599e+00  -6.7756683e-01
   1.1425572e+00  -6.4193153e-01   5.3197679e-02  -1.4509340e-01   3.0350468e-01
   2.2669419e+00   8.8574673e-02   1.2712544e+00  -3.8422597e+00   1.1232005e-01
   2.9460382e+00  -3.6208071e-02  -7.5833507e-01  -3.7343574e+00  -1.1875724e+00
   2.8280110e+00   1.5348906e+00   1.4304404e+00   9.1852699e-01  -1.0287104e+00
   1.7268921e+00  -1.6085270e-01  -3.6901107e-01  -8.3190270e-01   1.4242448e+00
  -1.2837189e+00  -1.6145939e+00  -1.3259269e+00  -6.3112000e-01  -1.3660868e+00
  -2.5573219e-01  -3.0590704e-01   1.0279111e+00   3.8418902e-01  -1.0343566e+00
  -3.8721564e-01  -1.1734652e-01  -4.8663546e-01   4.0379845e-01  -5.3910141e-01
   9.2884705e-01   4.8168389e-01   1.9168471e+00  -1.3369598e-01   2.4308017e+00
   7.0179551e-01  -2.0051767e+00   4.5070189e-01   2.2165968e+00  -1.6956231e+00
  -2.0271800e-01   9.4255019e-01   4.2301788e-01   6.0167815e-02   2.1793753e+00
  -3.1592653e-01  -3.7097745e-01   1.8926344e-02  -1.0157815e+00   5.2553512e-01
  -2.5164976e-01   2.7856406e+00  -9.4079744e-02   1.5708027e+00   5.4835167e-01
   2.1889695e+00  -2.4011930e+00   2.2616844e-01   1.9811761e-02  -3.8018910e-01
   4.7182457e-01  -2.1798071e+00   8.5217197e-01   2.6215530e+00  -1.2625063e+00
   1.0851748e+00   1.1411223e+00  -8.5452820e-01  -2.3639330e-01  -3.4951021e-01
   8.8593288e-01  -6.1652945e-01  -3.8286144e-01   1.2261767e+00   1.9976400e-01
   7.5023095e-01   9.7797179e-01   5.3726182e-01   2.0423691e+00   2.4927488e+00
  -4.5421310e-01  -2.8423807e-01  -9.6041635e-01  -1.2813618e+00  -2.2075749e+00
  -7.8213002e-01   1.3871550e+00  -2.0591622e+00  -1.6490574e+00  -4.0721979e-01
   9.5835140e-01   1.5331643e-01   1.6307553e+00   2.4101335e-01   1.6735322e+00
   4.1830058e-01   7.5789828e-02   5.2286237e-01  -1.0653678e+00  -5.0224058e-01
  -9.3710216e-01   8.0756086e-02   7.3464204e-01  -6.3436396e-01   3.5065180e-02
   1.0538945e+00   9.2526480e-01   8.7831730e-02   1.1355547e-02   1.9444815e-01
  -7.6965474e-01   6.2278418e-01   1.6896469e+00  -8.9550677e-01  -2.9325359e-01
   8.1841901e-01   4.4140078e-01   1.5096255e-01   1.9965977e+00   8.8199420e-01
  -5.0498288e-01   1.3842992e+00  -4.9859161e-01  -8.5358757e-01   1.8830816e-01
  -7.2486178e-01  -5.2755943e-01   4.2677311e-01   2.0800415e+00   2.1643355e+00
  -6.1384304e-01   7.4686606e-01   2.2642434e-01  -7.3157628e-01  -1.8274166e-01
   1.0830551e+00  -1.5315156e-01   1.2730225e+00  -5.9928561e-01  -7.8803582e-02
   1.7528688e+00   6.6937355e-01   5.6363311e-01   1.7403256e+00   3.9476089e-01
   3.6145138e+00  -6.7688184e-01   8.9270166e-01   2.7302144e-01   8.6207164e-01
   7.8607225e-01   1.4655578e-01   1.8028129e+00  -7.1513932e-01   1.0516114e+00
   1.9858471e+00   1.9851933e+00   1.5357192e-02  -1.2377328e-01   9.5096072e-01
   2.7311206e-01  -1.7451212e+00   2.3579182e+00  -1.6352098e+00   8.8602553e-01
   1.1889905e+00  -8.8347893e-01   1.1575803e-01   2.9539998e-01   3.0333517e-01
   1.0521925e+00  -1.6332717e-02   2.9868302e-01  -1.3236620e+00  -5.8423778e-01
   9.1067825e-01  -1.8579054e+00  -1.0091752e+00  -2.0366606e+00  -2.0047129e+00
   5.9016708e-01   2.3717550e-01   1.6751324e+00  -2.2543578e+00  -6.6085825e-03
   1.4333970e+00   9.5157873e-01  -9.2753130e-01  -1.6940456e+00  -1.8387879e+00
   1.0841108e+00   1.6300423e+00  -9.2461079e-01  -1.4651923e+00  -6.5649591e-01
   5.2993476e-01  -1.2138461e-01   7.6571008e-01   6.7149249e-02   8.2169602e-01
   6.8149712e-01   1.3248753e+00  -1.2126804e+00  -2.4336910e-01   8.1719562e-02
   4.7986084e-01  -3.6571696e-01   1.7902840e+00  -1.1837397e+00   1.4663211e-01
  -1.1047559e-01   8.6434894e-01   7.5905113e-01  -1.4410160e-01   8.7679695e-01
  -1.7701761e+00  -3.5443916e-01   1.7634309e+00  -9.3796318e-01   1.0165225e+00
   7.9843022e-01   1.9485972e+00   9.5496114e-01   7.6837188e-01  -2.9383710e-01
   1.0151485e+00  -1.9208311e+00  -1.6313237e+00  -1.4378075e+00  -8.6290204e-01
   1.1443219e+00   6.9714680e-01   8.2365008e-01  -1.2685333e+00   7.7993472e-02
  -1.2052013e-01   2.8589647e-01   1.3139954e+00  -2.9365468e+00  -1.2274005e-01
   1.2620292e+00  -1.0195126e-01   1.2169627e+00  -1.1764403e+00   3.3829510e-01
  -3.6382614e-01   1.3722069e+00  -1.6551474e-02  -5.2461630e-01  -1.3551196e+00
  -2.3899997e+00  -8.6488205e-02   6.6098690e-01  -1.7896945e+00  -5.1633695e-01
  -1.8104822e+00   3.4119316e-01   1.1781667e+00  -6.4302094e-01  -5.9778699e-01
  -1.7590680e+00  -2.6373358e+00   1.3778125e+00  -1.1268610e+00   5.7787514e-02
   6.1652294e-01  -2.2572214e-01   1.0412904e+00  -1.0844867e+00  -7.3814469e-01
  -1.5347764e+00  -4.7630446e-01   9.8357406e-01  -2.2186116e+00   8.6910094e-01
   2.2126736e-01   2.6023830e-01   3.0465341e+00   3.2338742e-01   2.6292816e+00
  -2.6806339e-02  -1.6341205e+00   2.6165731e+00  -7.2140533e-01  -1.2380432e+00
  -1.0397249e+00   2.2282561e+00   1.3144327e+00  -1.5391258e+00  -2.6166641e+00
  -1.8415933e-01  -2.3162612e-03   1.9479080e+00  -2.1793629e+00  -6.5401625e-02
  -7.6113825e-01   8.3756857e-02   8.2512736e-01  -2.0767268e+00  -1.4594595e+00
   5.4670868e-01  -5.8468276e-01   1.0000197e+00  -9.7593118e-01  -1.4455757e+00
  -2.6639095e-02  -1.1786380e+00   9.3670533e-01  -1.8106727e+00  -2.8881685e-01
  -4.7514553e-01   1.0613549e+00   1.7899851e+00  -3.8596704e-01  -1.3187072e+00
   1.8529628e-02   3.1984103e-01   1.4405621e+00  -1.1979756e+00  -1.1474202e+00
  -1.4479761e+00  -1.3066796e-01   5.6204124e-01   6.4407698e-02   1.4010214e+00
  -1.3419829e+00   9.6441980e-01   4.3804175e-01  -8.2214907e-01  -9.8562520e-03
  -1.8639245e+00   4.0690383e-01   2.2651702e+00  -7.5014620e-01   6.1239719e-02
  -1.4260179e+00   1.2124219e-01   1.0018116e+00   4.6066087e-01  -3.0471564e-01
   1.2053547e-01   1.0270935e+00   1.5889406e+00   1.0080355e+00   8.9099677e-01
  -7.9709493e-01   6.4191522e-01   3.5658559e+00   6.5466566e-01   2.4517722e+00
   2.4342331e+00   5.0053814e-01   2.5514942e+00   5.9891716e-01   2.2203729e-01
   5.2066004e-01   1.4257320e+00   3.2778290e+00   1.1281168e+00  -2.7517605e-01
  -5.1614292e-01   2.9490395e-01   2.5372029e+00  -2.9777416e-01   9.4909178e-01
   1.0450812e+00   2.1939977e+00   2.5540745e+00   2.3209598e+00  -7.4115157e-02
  -1.8340771e+00   2.0649280e+00   1.6280872e+00   5.5795363e-01   5.1841790e-01
   1.6388992e+00   1.5796234e+00   2.6364492e+00   3.2273359e+00   1.7614467e+00
   1.0982739e+00   1.1234868e+00   1.6007278e+00   1.1528231e+00  -4.8246298e-01
   3.4014383e+00   9.2323527e-01   1.8436457e+00   2.2546344e+00   1.2426865e+00
   1.1404216e+00   2.5339146e+00   2.9908688e+00   1.7889738e+00   2.4781104e+00
   2.2704566e+00   3.3016370e+00   4.4671012e+00   3.2402704e+00   1.2785420e+00
   1.6682511e+00   1.6646579e+00   2.6753030e+00   1.5539241e+00   2.7880356e+00
   2.4486791e+00   2.0565928e+00   2.4896282e-01   2.2338353e+00   5.9790534e-01
   2.3434730e-01   1.5017212e+00   2.1519568e+00   1.8367873e+00   1.1941128e+00
   8.9137867e-02   1.1788778e+00   3.3297353e+00   4.0934503e+00  -1.6486698e-01
   1.7441409e-01  -1.5874157e+00   1.2008436e+00   3.6036308e+00   8.2151418e-01
   1.6113422e+00   3.5851813e-01   2.5350745e+00   2.5391964e+00   4.4014481e-01
   1.5228846e+00   1.7872628e-01   2.4815690e+00   1.6824825e+00  -3.4475101e-01
   2.2865449e+00   4.3716695e-01   4.0010005e+00   2.5699885e+00   2.8235836e+00
   2.5886209e+00   1.2149412e+00   4.9827916e-01   2.8386289e+00  -1.3091494e-02
   2.8801167e+00   2.4617677e+00   2.0878066e+00   1.5695565e+00   1.5775839e+00
   1.7198709e+00  -2.9513081e-02   8.6461761e-01   3.0244819e+00   9.4315984e-01
   2.8183112e+00   5.4704703e-01   1.6612453e+00   1.6279265e+00   1.9976397e+00
   3.9497182e+00  -1.3386228e+00   2.4111212e+00   1.6850389e+00   8.1679609e-01
   3.5665750e+00  -7.8310729e-01  -1.3052099e-01   2.0644175e+00   1.6128750e+00
   2.6139364e+00   7.0444090e-01   3.0162402e+00   2.5273674e+00  -9.1229846e-01
   1.7506065e+00  -7.7880996e-01   9.5471560e-01   2.0607858e+00   1.0151168e+00
   2.7524346e+00  -5.3804913e-01   2.9876108e+00   1.1197939e+00   4.5918327e-01
   9.8620865e-01   1.7419122e-01   1.6437665e+00   1.6081479e+00   3.6523420e-01
   5.9863646e-01  -4.1727704e-01   1.5177287e-01   2.4260712e-01   1.4025590e+00
   2.6764908e+00  -8.7236511e-01  -2.4619574e-01   1.6387800e+00   4.4146331e-01
   1.6488336e+00   8.3233152e-01  -1.3756730e-01   1.6489533e+00   1.2339743e+00
   2.8140296e+00  -7.5679666e-01   1.0930754e+00   1.5269813e+00  -7.9265582e-01
   3.9372144e+00  -1.0637402e+00   1.8092461e+00  -6.7768066e-01  -2.9761518e-01
   1.5165958e+00  -1.6233632e+00   1.2347518e+00  -1.4835849e-01   3.5650452e-01
   1.5158565e+00  -4.5392140e-01  -4.5923733e-01   2.4306142e+00   6.6560619e-01
   2.2736822e+00   3.5355801e-01   1.1164697e+00   1.1318968e+00   1.6665302e+00
   8.2570552e-01   1.1878738e+00  -3.9677119e-01   7.4175627e-01   1.3379331e+00
   8.4618866e-01   4.2696389e-01   3.3406580e+00   4.9547257e-01   5.7339604e-01
  -1.0680903e-01  -1.4005415e+00   1.0033580e+00   2.5943224e+00   9.3803189e-01
   1.7228178e+00  -9.7655287e-01   2.5945884e+00   1.9542498e+00   3.3450498e-01
   3.4340483e+00  -1.5529283e-01   1.1431817e+00   1.3565959e+00   6.5247452e-01
   1.2128909e+00  -4.7638666e-02   2.2062662e+00   5.7411319e-01   6.1222144e-01
   3.7103124e+00  -7.2601065e-01   2.2407250e+00   2.3873468e+00   1.6547328e+00
   7.7011714e-01  -7.1770127e-01   1.9539630e+00   1.6124396e+00   1.9544912e+00
   1.8800025e+00  -1.7926508e-01   1.2406581e+00   1.7813440e+00   9.2306268e-01
   5.1125184e+00   1.0235390e+00   1.2707270e+00   1.0609791e+00  -3.2689573e-02
   1.2402642e+00  -4.8413758e-01   1.5969574e-01   2.0710653e-01  -5.4428252e-01
   1.8195602e+00  -1.0108886e+00   1.4360852e+00   1.6136504e+00   5.8748360e-01
   3.9451363e+00  -5.1256290e-01   3.2326236e-02   1.5407889e+00   3.3665913e-02
   1.3636439e+00   1.8980402e-01   3.1331354e+00   1.5023216e+00   6.6366118e-01
   1.6380189e+00   7.5551537e-01   1.0951801e-01   7.0886394e-01   1.2208679e+00
   1.3827974e+00  -2.6889006e-01   3.9717616e-02  -6.7186699e-01  -6.5428061e-01
   5.1230082e-01   2.0348482e+00   6.3322029e-01  -1.3933092e+00   1.9599729e+00
   3.4911474e-01   7.5184767e-01  -2.1140261e-01  -1.0395927e+00   5.0005577e-01
   9.5016350e-01   5.6936490e-01  -7.0213169e-01   4.0402742e-02   6.6509752e-01
   1.3497219e+00   8.7391232e-01   2.0646325e-01  -3.5903666e-01   3.1099640e-01
   2.6720166e+00   1.5077941e+00   2.9517684e+00   1.4081070e+00   1.0590647e+00
   8.2509013e-01   1.1129001e+00   1.6579198e+00   9.2827609e-01   6.6123363e-01
   1.6466460e+00   1.5726056e+00   5.9151630e-01   5.1896035e-02   1.5343834e+00
   2.1126719e+00  -7.3655366e-01   9.8040529e-01   2.9034261e+00   6.5298238e-01
   9.0889987e-01   1.7485414e-01   1.8994536e+00   1.4272333e+00   2.5047849e+00
   1.2091713e+00  -6.7906436e-01   1.6585224e+00   5.6694912e-01   5.5776019e-01
   1.0565957e+00   1.2455131e+00   5.8040128e-01   2.5635239e-01   7.3848925e-01
   1.5634048e+00  -5.2048515e-01   7.0828616e-01   1.6677164e+00  -9.9433467e-02
   3.3300747e+00  -7.1165280e-02   1.0283715e+00   2.6833131e-01  -1.3143502e-01
   1.5810143e+00   1.3943725e+00   7.7895538e-01   2.2492294e-01   8.4957464e-01
   1.7926079e+00   1.0133057e+00   4.1401999e-01  -4.2645604e-01   2.4717218e+00
   1.4911446e+00   1.3814707e+00   3.3729373e+00  -5.6546002e-01   1.0222956e+00
   1.5321714e+00   1.7284299e+00   1.2482053e+00   1.7958950e+00   2.7290360e+00
   1.1016261e-01   1.1487150e+00   3.5023100e+00  -2.0688224e+00   7.7298692e-01
   1.4861713e+00   1.6446703e+00   1.6757376e+00  -1.0595536e+00   1.8861325e+00
   1.3423700e+00   1.6879674e-01   1.0451967e+00   1.5801698e+00  -7.4473988e-01
   1.7425753e+00   1.1939372e+00   7.5675633e-01  -2.5013172e-01   2.4615958e+00
  -3.9442240e-01   2.7772594e+00   3.6012527e-01   1.3828119e+00   1.1789053e+00
   1.3394460e+00  -1.2063052e+00  -9.8028182e-01  -8.3225723e-01  -9.2401730e-02
   6.7805253e-01   1.2992113e+00   1.7083705e+00  -3.2903548e-01   2.8390820e-01
  -1.0331226e-01   8.9939512e-01   7.5895742e-01  -7.2609679e-01  -7.4896314e-01
  -4.8488021e-02   1.4511160e+00   2.8169835e+00  -2.1264629e-02   9.8160371e-01
  -1.1154537e-01  -2.7148115e-01   9.2372170e-01   3.8646179e-01   1.7023932e+00
   1.4390009e+00  -7.0394852e-02   1.3017730e-01   8.1616370e-01   1.6054916e+00
  -5.7593548e-01   1.8256655e+00   3.2338910e-01  -2.7396512e+00   1.1702321e+00
  -8.8850709e-01   3.9017449e-01  -1.9839945e+00   1.9446624e+00   1.1653257e+00
  -5.6528074e-01   1.7095305e+00   3.3026979e-01  -9.6439653e-01   1.4835663e-01
  -2.4234564e-01  -1.0883875e+00  -1.1197918e+00   9.4481252e-02   1.6664872e+00
  -1.6984334e+00  -8.2833604e-01   4.2622246e-01  -1.3254912e+00   2.8303288e-01
  -4.1643029e-01  -2.1650928e+00   4.2773270e-01  -2.6857993e+00  -4.9076925e-01
  -2.4195459e-01   1.9525682e+00  -3.6977267e-01   2.8327259e-01   1.0418546e-01
   2.2057537e-01   1.6849727e+00  -3.3340296e-01  -1.6724695e+00   1.7736310e-01
  -2.3039331e+00   1.4883112e+00   1.1611530e-01  -9.5353237e-01  -5.0493267e-02
  -1.3781631e+00   4.3076415e-01  -6.0563055e-01  -5.8943126e-01  -5.4277951e-02
   5.4657545e-01   1.9203229e+00   2.0115084e-01   3.7768409e-02  -1.5600059e-01
  -7.9916605e-01   1.0935254e+00   4.9130906e-01  -1.4746315e+00   6.9382569e-01
   2.1514464e-01   1.4481816e+00  -7.7887819e-01  -1.6206861e+00   8.0241420e-01
  -7.9691087e-01   1.9114587e+00  -2.3630220e+00  -2.7775929e-01  -9.8827763e-01
   1.2178171e-01   9.7172652e-01   1.8687090e+00  -1.7819124e+00  -1.3780904e-02
  -1.1237771e+00   1.4345993e-01   1.1049547e+00  -2.5258967e-01   1.9079621e+00
  -1.2499058e+00  -4.2685232e-01   8.8443462e-01   8.5499473e-01  -1.0559959e+00
  -1.1738305e+00  -2.0517775e-01   1.0294501e+00   1.0977871e-01   5.6688829e-01
  -2.1395293e+00   1.7101467e+00  -9.6399823e-01  -7.5952925e-01   2.1359293e+00
   5.6697207e-01   1.9768085e+00  -5.1687514e-01  -1.6285633e+00   5.6605017e-01
   9.5782169e-01  -1.3236534e-01   6.7940570e-01  -4.5256375e-01   2.2772015e+00
   9.7022694e-01   2.2636033e+00   1.4589396e+00   9.7588576e-01   2.0635424e+00
   1.3616827e-01   6.5552601e-01   6.9371470e-01   1.4711991e+00   1.5616293e-01
   1.1471037e+00   1.3928473e+00   6.7617890e-01   3.5727927e-02   1.3090517e+00
  -1.9457398e-01   2.4202031e+00   5.6575349e-01  -6.7947655e-01  -1.5902599e+00
   5.1829778e-01   7.8043172e-02   1.6952395e-01   4.8850124e-01   1.8046047e+00
  -1.2510441e+00  -1.6892711e+00  -4.7119775e-01  -1.2722129e+00  -5.0271620e-01
   2.0262819e-01   1.0075610e+00   1.6479253e+00  -2.3931390e-01   9.3427771e-01
   2.9125623e+00  -1.1783692e+00  -3.5777574e-01  -3.7210115e-01  -1.1999969e+00
  -1.0195236e+00   3.0216863e-01  -2.5972019e-02   9.4613398e-01   2.8836690e+00
   1.0163247e+00   2.5481303e+00   2.0266698e+00   5.5565699e-02   4.9975145e-01
   1.5199213e+00   4.1794355e-01  -1.3311108e+00  -9.1764258e-01   4.5419899e-01
  -1.7527307e+00   5.9929671e-01   1.3303246e-01  -1.2526500e+00  -1.1638112e+00
  -2.0587514e-01   3.7221002e-01  -6.2300372e-01  -5.1154379e-01   2.4271850e+00
   1.4521915e+00  -5.9865409e-01  -6.1504032e-01   2.5782182e-01   2.8784614e+00
   3.4661223e-01  -2.1748160e+00   1.3173081e+00  -2.5492594e-01   5.1739221e-01
   9.4249130e-01   3.0811374e-01   9.3354617e-01  -8.1342365e-01   1.0479195e+00
  -8.4412865e-01   3.9670098e-02  -5.8323130e-01  -6.6863937e-02  -6.7744175e-01
  -6.8171869e-02  -3.2726952e-01  -6.1224943e-01  -7.3322857e-01   4.7917138e-01
   1.9036085e+00  -1.3606453e+00  -9.2599855e-02  -3.4880471e-01   1.1634826e-01
   9.9342579e-01   1.2117202e-01   3.9480043e-01   2.4181879e-01   2.5477287e-01
   2.6578806e-01  -5.6605341e-01  -6.7806386e-01  -1.9585724e+00  -1.1241584e+00
   1.1563026e+00  -1.5797849e+00   5.6966307e-01  -3.6480350e-01   1.1717309e+00
   1.2189274e+00   3.3642344e-01  -1.4637786e+00  -7.1221475e-01   8.6734744e-01
  -3.4604884e-01  -3.1014480e-01  -7.8936903e-01  -1.2286762e+00  -4.6320181e-01
   3.8690763e-01   1.2594449e+00  -1.6384676e+00  -1.3457243e+00   1.2045669e-01
  -2.1119981e-01   2.0367711e+00   3.1407976e-03  -2.0444739e+00   3.7476647e-01
  -7.1178383e-01   1.6620172e+00   1.1732586e+00   1.9129407e-01  -4.2272441e-01
  -1.2610786e+00   3.9529055e-01   9.8674690e-01  -1.0731299e+00  -2.3637173e-01
  -2.6916186e-01  -5.2122577e-01   7.0625544e-01  -1.7182977e+00   5.1021173e-01
  -2.6530071e-01  -1.6573135e-01   8.3591477e-01  -2.9596188e+00  -4.0290878e-01
  -8.6179669e-01   1.5273662e+00   2.5411188e-02  -9.6565981e-01   1.5124382e+00
   1.3396801e+00   1.8236785e+00   9.4550571e-01  -1.5265133e+00   1.4752752e+00
  -1.4428386e+00   1.6014690e+00   4.7033254e-02  -1.6570510e+00   2.8331069e-01
   5.7696130e-01   1.7965689e+00  -6.9584727e-01  -4.3198271e-01   1.5590030e+00
   1.1578529e+00   1.8862799e+00   2.7153870e-01   2.1978214e-01   4.8985011e-01
  -1.3296520e+00   3.1581494e+00  -3.6033961e-02   5.5967756e-01   1.8020036e+00
  -4.9018680e-02   1.4277357e+00   6.9029367e-01  -2.8637608e+00   1.3068883e+00
   6.1753538e-01   2.1816935e+00   1.3739511e+00  -2.4796861e+00   8.8836805e-01
   8.8708173e-01   3.3049981e+00   9.7746178e-01   1.9804877e-01   1.4508750e+00
  -4.6596171e-01   1.5381334e-01  -4.8248758e-01   4.1375695e-01   1.3585013e+00
   1.9973612e-01   1.1403302e+00  -2.6519649e-01  -1.7142140e+00   1.8208744e+00
   2.0137661e-01   5.9208515e-01  -2.0590452e+00  -8.3298946e-01  -3.9342350e-01
  -9.8040285e-01   3.5392493e+00  -7.2008593e-01  -7.7946972e-02   6.0622297e-01
  -1.9062631e-01   1.1945902e+00   1.1009047e+00  -6.2563878e-01   1.4430768e+00
  -6.1464824e-01   2.6925283e+00   5.9312551e-01   8.4830451e-01   1.2994571e+00
  -4.2246553e-01   3.1285561e-01  -1.9671974e+00  -2.1546608e+00   2.7333736e+00
  -5.5160787e-01   5.0565151e-01   9.9062264e-02  -2.2582983e+00   1.2624290e+00
  -1.8470802e-01   3.9620823e+00  -6.6489893e-01  -2.0281511e+00   1.3849336e+00
   7.6786832e-01   2.4597194e+00   2.1201252e-01  -6.8491180e-01   2.3575647e+00
   4.7391347e-02   2.2958080e+00  -1.7939106e+00  -5.7941220e-01  -4.1041014e-01
  -1.9958457e+00   4.4399917e+00  -5.9944194e-01  -9.1882609e-01  -1.8034490e+00
  -1.7172257e+00   3.3426080e+00   2.3878418e-01  -2.4268557e+00   8.5633026e-01
  -1.1865110e+00   1.8771402e+00  -6.7376964e-01  -9.5142123e-01  -5.5982123e-01
  -1.1629643e+00   3.2661886e+00   1.4975692e+00  -2.8312367e+00   1.7373282e+00
  -1.9583221e+00   3.0399050e+00   5.7917772e-02  -2.3770146e-01   1.2319358e+00
  -2.1070524e+00   3.9914553e+00   3.7948252e-01  -2.1781718e+00   2.9012744e+00
  -3.1161006e+00   1.6481335e+00   1.2089084e+00  -3.3824673e-03   9.2439717e-01
  -1.5440350e+00   1.9010793e+00   5.1667107e-01   6.0033425e-01   1.8877910e+00
  -1.8360979e+00   7.2511601e-01   6.0746234e-01   9.8339157e-01   7.4027207e-01
  -1.4882337e+00   4.5995436e+00   1.8021171e+00   1.5004783e+00  -6.1310055e-01
  -3.0169744e+00   3.6145251e+00   6.9348237e-01  -4.9007173e-01   4.9288005e-01
  -1.0008301e+00   2.8724942e+00   1.8846398e+00   1.7454202e-01   8.9028135e-01
  -1.0520785e+00   2.2555417e+00   5.7325457e-01   1.8214612e+00  -1.5449317e+00
  -7.2885116e-01   2.0181360e+00   2.3085695e-02   4.7043536e-01   6.1618466e-01
  -1.5592298e+00   1.9741327e+00   1.0310553e+00  -7.2095742e-01   1.1752686e+00
  -1.0506682e+00   2.4047244e+00   1.9421094e+00   1.1087050e+00  -5.6292740e-01
  -2.6399480e-01   5.5367526e-01  -8.6638167e-01   7.5587680e-01   1.1183384e+00
  -1.1315962e+00   9.5509599e-01  -1.1322428e+00   8.2130727e-01   2.0252148e+00
  -1.8040717e+00   1.9210972e+00   2.3770237e+00   2.0588718e+00   2.2142566e+00
  -2.4351835e+00   6.5119801e-01   2.4893220e-01  -9.0320987e-01  -1.6081616e+00
  -3.3879380e-01   1.7925457e+00   1.4909112e+00   1.8995255e-01   4.3445472e-01
  -9.7286740e-01   2.3210343e+00   2.3860229e+00   4.6027786e-01   1.4085892e+00
   5.3223691e-01   2.4559593e+00   8.9549880e-01   1.8930458e+00   5.3328061e-01
  -1.0535114e+00   8.4115347e-01   1.1265012e+00   4.0784534e-01  -9.9860845e-01
  -1.0709947e+00   1.2326184e+00  -7.6830951e-01   1.7113913e+00  -2.3591914e-01
   5.7221239e-01   1.5152638e+00  -3.7835223e+00   1.2924778e+00  -7.1690126e-01
  -2.6967522e-01  -6.5788935e-01  -8.4690230e-01   8.9371546e-01   7.1165673e-01
  -2.2226860e+00   7.3377549e-01  -9.5489122e-01  -7.3987320e-01  -3.4796881e-01
  -1.1739255e+00  -7.3346560e-01  -1.1016440e+00   3.7720310e-01  -1.5568184e+00
  -1.2555946e+00   1.4304085e+00  -1.6251584e+00  -9.4886549e-01  -7.5050021e-01
  -2.5265998e+00   8.9317934e-01  -1.5634656e+00   4.5323114e-01   1.2280519e+00
  -2.7035377e-01   1.4099253e+00  -4.7341916e-01   2.2849498e-01   1.1322384e+00
  -2.0796762e+00  -1.0566659e-02  -4.8566292e-01   7.2383263e-02   2.5341435e-01
   2.6382877e-02  -1.4915477e+00  -6.1211645e-01   7.1197850e-01  -2.1149748e+00
   1.2339259e+00  -1.0781510e-01  -5.2251171e-01   7.2649484e-01   9.6759298e-02
  -2.6095431e+00   6.0585058e-01   1.9835521e-02  -1.2298128e+00  -2.6388712e+00
  -1.9378939e+00   1.3446698e+00   4.9839741e-01  -1.6613360e+00  -1.0491385e+00
  -1.3663039e+00  -1.1374230e+00  -1.6040542e+00   3.4959081e-02  -8.3765868e-01
  -1.6457355e+00  -3.0395076e-01  -1.0132752e+00   1.1516229e+00  -1.6867008e+00
  -1.9959222e+00  -9.6334616e-01  -1.9149974e+00  -6.5299419e-01  -2.0367367e+00
  -1.7009480e+00   7.0044814e-01  -5.0246274e-01   2.4587907e-01  -1.4559358e+00
  -4.3272488e-01   4.2899699e-01  -1.2611932e+00   5.9866469e-01  -3.4122017e-01
   4.6343858e-01   1.0544984e+00  -1.5785618e+00  -4.1509708e-02   2.2320107e-01
  -1.7698871e+00   9.3725833e-01  -1.8995001e+00   1.0282159e+00  -1.0326494e+00
  -1.2088889e-01  -4.7388858e-01  -2.5860198e-01  -1.4674310e+00  -1.4168653e-01
  -1.0788198e+00  -4.9970520e-01  -1.3748915e+00   1.2829169e+00  -3.5224439e-01
   5.7951457e-02   6.8886959e-01  -9.9760563e-01  -1.2954906e-01   1.9871973e+00
  -3.1370352e-01  -4.6505355e-02   2.4265725e-01   9.5212944e-01  -3.9010327e-01
  -9.8269536e-01   1.5079732e+00  -4.9343292e-01  -1.5162426e-01  -9.5217550e-01
   1.3667673e+00   1.6506892e-01   2.1534531e-01  -2.9077883e+00  -1.7721922e-01
  -1.1732620e+00  -2.0091652e-01   3.1920987e-02   1.9551829e+00  -1.0040496e+00
  -3.6093394e-01   2.4813116e-01  -4.4386514e-01  -5.9708078e-01  -1.5132262e+00
  -2.6092164e+00   5.7820406e-01   2.9851748e-01  -5.5496387e-01  -2.2978388e-01
  -3.3562184e-01   1.7688010e+00   8.9202571e-02   6.4199088e-02   1.1185186e-01
  -1.2293874e-01   5.3022776e-01   2.7575299e+00  -6.5382271e-01   2.0592287e+00
  -8.1835004e-01   3.6650270e-01   1.0417258e-01   6.9074498e-01   1.2685863e+00
   7.8433444e-01   1.1597430e-01   6.3116443e-01   5.2883962e-01   6.8986011e-01
  -5.8435317e-01   8.8333776e-02   1.0568008e+00   3.3432172e+00  -5.3679778e-01
   5.5166615e-01  -6.2881151e-01  -2.9534899e-01  -8.0163689e-01  -6.1181283e-01
  -1.8283913e-01  -8.6376950e-01   1.2751812e+00   1.6968944e+00   2.6054196e-01
   4.8082418e-01  -2.0997039e+00   1.7539238e+00   6.6541857e-01  -5.1547016e-01
   2.3299059e+00   5.0634391e-01   2.0618485e+00   7.6401781e-01  -3.8889743e-02
   1.3769022e+00  -5.5291142e-01   1.8560107e+00   1.7862081e+00   1.0819749e+00
  -5.8951631e-01  -1.3768936e-01   2.0798740e+00  -3.4041605e-02   1.1000973e-01
   3.0118124e-01   9.9772750e-03   2.1475171e+00   2.0319836e-01   1.8894768e+00
   2.2935922e+00   8.4969851e-01   3.8229774e+00   2.7656924e+00   2.5783171e+00
   3.5163775e+00   3.0610188e+00   5.7746448e+00   1.9519619e+00  -2.2658383e-01
   2.5928911e+00   2.8057384e+00   1.2593341e+00   2.0759545e+00   1.1392734e-01
   2.8138594e+00   1.3698249e-02   1.1779067e+00   3.0642656e+00   1.3165933e+00
   1.7888981e+00  -9.8921026e-03   1.4569941e+00  -6.7374047e-01   1.4032562e+00
   2.9150608e+00   3.3324875e-01   1.9293275e+00   3.8526954e-01   1.1182691e+00
   1.2362627e+00   9.3119336e-01   5.0092839e+00   1.9039023e-01  -1.0541610e-01
   1.7478319e+00   6.2870407e-04   3.0218073e+00   1.8413001e+00   2.1555528e+00
   1.1511695e+00   5.5036525e-01   2.5726582e+00   2.5248950e+00   4.0691188e-01
   1.9705962e+00  -2.1510324e+00   3.1816754e+00   1.6768092e+00   6.9782286e-01
   1.3389823e+00  -6.1537668e-01   1.6276021e+00   1.8139063e+00   9.1692730e-01
   1.0285931e+00   5.5589662e-01   1.1614927e+00   1.2814171e+00   2.4146670e+00
   3.3969337e+00   8.7782552e-01   1.7900972e+00   2.3426607e+00   2.2086421e+00
   4.2714803e+00   1.1190244e+00   2.5373613e+00   2.8235215e+00   4.6234207e-01
   3.0769771e+00   1.6904317e+00   1.4891994e+00   2.3124342e+00   1.9639361e+00
   1.5615408e+00  -2.0646193e+00   2.5822743e+00   1.7303753e+00   6.3043593e-01
   3.2118404e+00   1.2831827e+00   3.9616192e+00   1.1391678e+00   2.0943038e+00
   2.3857962e+00  -5.5404127e-01   1.0505503e+00   1.3724144e+00  -4.5925053e-02
   7.6912523e-01   1.0716615e+00   2.7370296e-01   1.4589994e+00   2.3831709e+00
   2.1154395e+00   5.6071774e-01  -1.0173224e+00   1.1074211e+00   2.4947613e+00
   1.5059015e+00  -4.1929636e-01   2.4237281e+00  -7.3962507e-01   6.8803606e-01
   1.8191775e+00   4.2982039e-01   4.2730106e-01   1.3633563e+00   8.9680433e-02
   1.5895222e+00  -8.2269431e-01   1.2469892e+00   6.1545784e-01   1.8494071e+00
   1.7274688e+00  -1.3405517e+00  -5.6862266e-01   2.2770944e-01   1.0331201e+00
   1.3705054e+00   4.5048069e-01   1.0669122e+00   1.7097779e+00  -1.7450283e+00
   5.5312223e-01   3.3242047e-01   1.5401126e+00   2.5265407e+00   8.6917115e-01
  -7.4213747e-01   4.9378877e-01   4.7375332e-02   1.8651764e+00  -4.0396269e-02
   8.7472198e-01   1.3892077e+00  -4.6841070e-01  -6.2296493e-01   1.1657850e+00
   1.6650671e+00   1.6352380e+00  -2.5138047e-01   3.1260961e+00   1.1641435e+00
   2.8204951e-01   2.0430992e+00   7.6006843e-01   1.2317745e+00   9.6628307e-01
   1.2259086e+00   8.6289450e-01   1.3128741e+00  -7.8484786e-02   7.5943838e-01
  -7.4116413e-01   3.5514032e-01   1.2031331e-01   2.7316805e+00   1.4380340e+00
  -2.6447637e-01  -6.5270608e-01   4.9766155e-01  -4.9470212e-01   2.4203322e+00
   5.7372370e-01   2.5275053e-03   1.4302966e+00   2.0416873e-01   4.0558757e-01
  -5.8246330e-02  -6.1745673e-01   1.2832968e+00   6.7424185e-01   1.5305592e+00
   1.7821728e-01   1.0991763e+00  -7.4419967e-01   1.1334006e+00  -2.9704080e-01
   1.8106836e+00  -1.0293454e+00   1.5147744e+00   7.4258190e-02   1.5988683e+00
   6.8536012e-01   7.8565725e-01  -3.4730900e-01   1.5664737e-01   7.4334776e-01
  -1.8428687e+00   1.5101249e+00   1.3198946e-01  -1.8995125e-01   1.9973627e-01
   3.0624517e-01   2.5143393e-01   2.1398589e+00   1.4852355e+00   1.8127829e+00
   8.9019137e-01  -1.3905265e+00   1.0199576e+00   1.4042457e+00   1.7278660e-01
  -7.7867984e-02   4.6307874e-01  -1.3468922e-01   2.7861988e+00   1.7692662e+00
  -4.1324061e-01   2.0453315e-01   3.3597713e-01   5.4258506e-01   6.5692223e-01
   1.4235578e+00   2.7632258e-01   8.5433597e-01   1.6042547e-01   1.0854148e+00
   1.5418973e+00   9.8869547e-01  -1.2580943e+00   9.7841080e-02   1.2077180e+00
   1.7866955e+00   8.7411980e-01  -9.8528164e-01   2.0690015e+00  -8.0189536e-02
   1.1286042e+00   5.1347256e-01   1.5865560e-01   8.6046603e-01   2.6517954e+00
   3.2221543e+00  -8.6122317e-01  -1.9383963e-02   1.1984224e+00   8.6354395e-01
  -4.6367085e-01   9.1468809e-01  -2.6598422e+00   4.9285109e-01  -7.2110024e-02
  -8.1313566e-01  -1.7421962e+00  -8.5311624e-01   2.6022861e+00  -1.1921981e+00
   1.2724565e-01  -2.1021868e-01  -7.5077257e-01   1.7713465e+00  -3.5499312e-01
  -3.5587908e-01   6.4379647e-01  -1.2132997e+00   1.5334528e+00   3.0096773e-01
   2.1856947e+00  -1.8533263e+00  -2.4109749e+00   5.4036369e-01   1.1104139e+00
  -2.3967984e-01  -2.1143764e+00  -1.7890108e+00   2.7856943e-01  -8.5380943e-01
  -1.4715780e+00  -1.9131454e+00  -2.4426560e+00  -1.4842253e+00  -9.7529334e-01
   7.7258025e-01  -1.3087319e+00  -2.0092363e+00   1.4238455e-01   6.3416741e-01
   2.4917564e+00  -3.6759170e+00  -1.6196395e+00   1.5807031e+00   1.0812837e-01
   1.8526590e+00  -3.9449005e+00  -3.0765343e-01  -9.6898198e-01  -8.0323229e-01
   3.7770121e-01  -9.9601080e-01  -8.1716243e-01  -8.8134662e-01  -6.4497307e-01
   7.5784528e-01  -1.2712300e+00   6.4344021e-01  -3.7648241e+00  -1.5880432e-02
   3.9076643e-01  -2.2141014e+00   7.8924333e-02   7.5185133e-01   1.7964183e+00
   2.3865471e+00  -2.3283260e+00   1.1867054e+00   5.4574573e-01  -1.8322387e+00
   1.2894640e+00  -2.1424115e+00   4.5664356e-01   7.2377591e-01  -5.3225386e-01
   1.3466871e+00  -3.6983613e+00  -2.0699898e+00  -2.5417131e-01  -1.6503780e+00
   6.3611357e-01  -2.6356846e+00  -1.3205700e+00  -3.1552345e+00   1.1505790e+00
   9.3861019e-01  -2.9515227e+00  -2.5735737e+00  -2.3917670e+00  -3.1378009e+00
   2.1648377e-01  -1.8889956e+00   6.9315379e-01  -7.0792635e-01   1.0662346e-01
  -6.4363189e-01  -3.4315359e+00  -1.5351957e+00  -1.0090593e+00  -1.6569812e+00
   5.8071983e-01  -3.7516157e+00  -1.6476966e+00  -1.1306898e-01  -1.8458125e+00
   3.2001470e-01  -3.7339093e+00  -2.3134776e+00  -1.4869929e+00  -1.5795538e-01
  -2.6829147e-01  -4.0295248e+00  -9.0713952e-01  -1.9647312e+00   2.9196895e-01
   2.2697582e-01  -1.6232343e+00  -1.7177548e+00  -1.4232957e+00  -1.7363168e+00
  -4.0741443e-01  -1.8224419e+00  -1.0832531e+00   7.0231346e-01  -1.3361492e+00
   1.8742780e+00  -3.0925380e+00  -6.7313309e-01  -1.7862645e+00  -1.5045825e+00
  -5.5827009e-01  -2.4525132e+00  -6.6015252e-01  -6.7672605e-01  -1.0793626e+00
   7.5308469e-01  -3.0237873e+00  -1.5530233e+00   1.9795702e-01  -9.3432245e-01
  -1.2699527e+00  -2.0957551e+00  -1.3027099e+00  -1.7518978e+00  -6.6525160e-01
  -7.0475525e-01  -2.4243049e+00   4.9638298e-02  -1.4160869e-02  -8.8679518e-01
  -8.3336813e-01  -3.4382293e+00  -9.9850024e-01  -1.0548003e+00  -2.8136002e+00
  -8.2704446e-02  -1.2278428e+00   1.3584894e-01  -3.8809379e-01  -4.0087030e-02
   1.8775350e-01  -2.2589337e+00  -9.2113157e-01   2.9952865e-01  -6.0067861e-01
  -8.6299980e-02  -4.4044159e+00  -1.2731006e+00  -9.6113702e-01  -1.6106069e+00
  -5.7564459e-01  -3.3702901e+00  -1.7203883e+00  -1.9965224e+00   6.1975306e-01
  -1.4444678e-02  -1.9393788e+00   4.5811435e-02  -2.3193176e+00  -1.9286696e+00
   1.5247623e+00  -2.6442666e+00  -1.3377742e+00  -2.5889831e+00   8.1217218e-02
  -6.5207898e-01  -2.7633561e+00  -7.2988664e-01  -2.3303892e+00  -9.2377543e-01
   4.3830224e-01  -1.8304254e+00   2.0051739e-01  -8.7283966e-01  -1.0025633e+00
   4.1116382e-01  -2.6388862e+00   1.8524505e+00  -6.8627405e-01  -6.4947324e-01
   1.5744025e+00  -1.1641757e+00   3.4879150e-01  -1.6194773e+00  -1.3307380e+00
   1.1250713e+00  -2.0442948e+00   1.4109389e+00  -1.0146254e+00  -1.9076449e+00
   3.6933735e-01  -8.8412301e-02  -3.0283581e-01  -8.1270415e-01  -5.8362680e-01
  -1.7567833e+00  -2.7545504e+00   1.3026791e-01  -2.7783943e-01  -7.8241964e-01
  -1.1856225e+00  -1.8647978e+00   3.7674433e+00   2.4930428e-02  -1.0096247e+00
   6.7262377e-01  -1.8277382e+00   9.9832920e-01  -1.5751494e-01   9.0590147e-02
  -1.2411880e+00  -1.0519708e+00   1.0793506e+00  -7.9949019e-01   9.0586489e-01
  -1.2185597e+00  -6.7031474e-01   2.0499247e+00  -2.4366029e+00  -2.9847588e-01
  -2.1540162e-01  -7.5770229e-01  -1.5153735e-01  -9.8776618e-01  -1.3657392e+00
   7.4709234e-01  -2.1261561e+00   3.4820246e+00  -9.3007912e-01   4.1810674e-01
   3.0913236e-01  -1.8182695e+00  -7.2062877e-01  -3.1969316e+00  -1.0378423e-02
   3.9326121e-01  -1.4061206e+00  -1.0522260e+00   2.7675208e-01  -1.4352037e+00
   3.9731552e-01  -4.4442181e-01   1.2017433e+00  -1.1554508e+00  -1.1705431e+00
  -1.8756292e-01   4.6513458e-01   2.9221715e+00  -9.4052026e-01   7.5262602e-01
   9.9289994e-01   1.4238200e+00   2.8770127e+00  -6.1457057e-01  -5.0803685e-01
   2.1964809e+00  -7.7271513e-01   2.0890404e+00  -9.9466997e-02   5.2667718e-01
  -5.7619576e-01  -7.1848008e-01   1.8509246e+00  -1.0661856e+00  -1.6639993e+00
   2.2900854e+00  -5.1625445e-01   8.6090010e-01   5.4825319e-01   5.7955760e-01
   2.1302197e+00   1.1869291e+00   1.3300785e-01  -1.4223628e-01   1.0337693e-01
   1.5347751e+00   1.4858074e+00   1.9695630e+00  -2.3146152e-01   1.9364250e+00
   1.9376897e+00   2.9505042e-01   3.5140141e+00  -8.6964051e-01   1.1482755e+00
   9.5255111e-01   1.6550910e-01   3.5447287e+00   1.5121687e+00   1.1724596e+00
   9.2533511e-01   1.4181276e+00   2.3629441e+00   3.1812421e-01   1.8545039e-01
   2.2456975e+00   6.4726388e-01   6.0921018e-01  -1.7894325e-01  -3.0270548e-01
   1.0624685e+00   2.6469367e+00   3.5906847e+00   1.9555687e-02   2.2344347e+00
   1.8056799e+00   5.1433240e-01   2.1843460e+00   1.2235208e+00   1.3901340e+00
   3.5517469e+00  -4.1047083e-02   6.6589667e-01   8.0886728e-01  -2.0569950e-01
   2.1951181e+00   1.4998492e+00   1.4021112e+00   2.7158533e+00   1.7782873e+00
   2.7232353e+00  -1.3715874e+00   1.8745055e+00   2.4182209e+00   7.1373448e-01
   2.6772265e+00   1.9686436e+00   1.6942448e+00   2.0573779e+00   5.6930201e-01
   2.4081009e+00   1.1018884e+00   3.2882571e+00   2.4318684e+00   3.0915211e+00
   2.4787528e+00   3.7951910e-01   2.5258757e+00   2.8126665e+00   3.5908958e+00
   2.2286717e+00   2.3888046e-01   4.6143328e+00   2.0491455e+00   3.7497362e+00
   5.4377176e+00   1.6262351e+00   2.7844712e+00   1.8662271e+00   2.9663463e+00
   3.2874252e+00   1.1378378e+00   3.0935468e+00   1.7627863e+00   1.5334800e+00
   2.3195701e+00   1.4045017e+00   2.2196020e+00   2.2610830e+00   2.6346106e+00
   3.1741507e+00   1.7760789e+00   2.5027094e+00   2.6540656e+00   4.1637732e+00
   4.6173493e+00   2.2235838e-01   2.2132706e+00   2.2217283e+00   1.7389473e+00
   2.2494126e+00   2.1037910e+00   2.7033821e+00   1.6914596e+00   3.5705957e+00
   2.6568098e+00   1.8219776e+00   8.2972130e-01   4.3645449e+00   3.6770414e+00
   2.3117661e+00   1.1375242e+00   3.1454153e+00   1.3987029e+00   1.5360947e+00
   2.3299948e+00   1.2276512e+00   2.5689958e+00   8.0617086e-01   4.0396517e-01
   3.1690304e+00   1.3854036e+00   1.5531636e+00   1.1238340e-01   3.7934098e+00
   2.3104824e+00   1.0992172e+00   3.3553300e+00   2.8038672e+00   4.0992854e+00
   1.9849616e+00   3.1700080e+00   8.6774453e-01   1.9421498e+00   1.3416260e+00
   3.6400920e+00   9.8778215e-01   8.0886973e-01   1.1296399e+00   1.8019697e+00
   3.3347380e+00   2.2885714e+00  -9.5620632e-01   3.9082196e-01   2.8207103e+00
   1.7471668e+00   1.1516874e+00   2.5268196e-01   4.6753115e-01   4.0322452e+00
   3.5094048e+00   9.7647241e-01  -2.0985157e-01   7.8762477e-01   1.4269866e+00
   3.7697150e+00   1.0404106e+00   1.0892239e+00   5.3112657e-01   1.3284990e-01
   3.5732399e+00  -1.2358283e+00  -6.7593201e-01   1.7700936e-01   2.6302417e+00
   3.4953091e+00  -5.2964866e-01   1.2083511e+00   7.7735812e-01   1.8410298e+00
   1.9106321e+00   6.3974948e-01  -1.6140301e+00   1.7596085e-01   1.7648785e+00
   2.6464365e+00   1.1209327e+00  -4.5937239e-01  -1.3955938e+00   1.3824777e+00
   1.0475608e+00  -1.0977267e+00   5.8978382e-01  -4.0421911e-01  -4.1904572e-01
   1.9484262e+00   1.8401719e-01  -6.2752368e-01  -3.1831147e+00   1.7053480e+00
   3.6534446e+00   9.8437002e-01  -3.8211542e-01  -3.1284118e+00   1.6274083e+00
   2.2505449e+00  -9.1391636e-01  -1.5298145e+00  -1.4469324e+00  -3.0711044e-01
   1.0648054e+00   5.1744385e-02   1.7954145e-01  -1.8399952e+00  -2.5357770e-01
   6.5889863e-01   1.7069904e-01  -1.0225309e+00  -2.2020281e+00   5.0014386e-01
   8.8070406e-01  -1.0754515e+00  -1.7323635e+00  -2.9999555e+00   1.2688697e+00
  -2.8752517e-01  -1.8877945e+00  -5.4422530e-01  -9.5895194e-02  -9.0921552e-02
  -2.3867233e-01   5.3282786e-01  -2.7461667e+00  -1.8290638e+00  -1.8056206e-01
   4.7118659e-01   8.9231921e-01  -5.5875537e-01  -1.4081687e+00  -8.3650090e-01
  -9.0455185e-01  -1.1523917e+00  -2.1990555e+00  -1.5711161e+00  -6.2086757e-01
  -1.4522811e+00  -5.9540149e-01  -2.1279742e+00  -3.0770383e+00  -1.2462109e+00
  -2.0794604e+00   3.0979957e-01  -1.0087270e-01  -3.1327493e+00   8.2144033e-01
  -2.0028217e-01   1.0407023e+00   4.1868034e-01  -1.8624650e+00   5.4466412e-01
  -2.2956430e+00  -1.0282292e+00  -1.1549414e+00  -3.0617619e+00  -3.3304800e-01
  -1.4069482e+00  -1.3443224e-01  -1.3242587e+00  -3.0312035e+00   1.0365407e-01
  -2.4986486e+00  -5.0057684e-01  -4.2940032e+00  -1.4533783e+00   9.8749118e-01
   6.5080823e-01   6.8232930e-01  -1.8932250e+00  -3.0223459e+00  -2.8445353e-01
  -8.6141284e-02   8.7400487e-01  -1.9122062e+00  -2.1321991e+00  -3.1082451e-01
  -6.7417406e-01  -7.3605155e-01  -1.2304558e+00  -1.6162438e+00   1.8608249e+00
  -6.0260025e-01   7.9670312e-01   2.9193022e-01  -2.4902773e+00  -1.7381362e+00
  -1.2577651e+00  -1.0679136e-01  -6.2050465e-01  -4.0049342e-01  -6.1215087e-02
   2.7863156e-01   1.2573833e+00  -5.4766927e-01  -1.8730719e+00   8.2569329e-01
  -8.4552872e-01   1.3934534e-01   9.5456859e-01  -3.0877207e-01  -1.4879780e+00
  -5.4141199e-01   1.1623024e+00  -1.7967609e+00  -4.8183515e+00  -3.7279233e-01
  -2.4348724e+00   2.3798278e+00  -3.0316460e-01  -3.8797549e+00  -1.7216075e+00
  -1.5746420e+00   1.0658860e+00  -8.8904983e-01  -2.5626861e+00  -1.4421998e+00
  -1.1066220e+00   2.7943986e-01  -2.3891485e+00  -3.6489832e+00   6.3616904e-01
  -2.9835096e+00   6.0609614e-01  -6.2986222e-01  -1.6986986e+00   1.0214155e+00
  -2.3674524e+00   2.0658523e+00  -1.5607931e+00  -2.5805824e+00  -1.2172396e+00
  -2.4652990e+00   5.2507688e-01  -4.8936740e-01  -2.0479687e+00  -8.6810269e-01
  -1.6405224e+00   1.3029509e+00  -5.4538059e-01  -1.8941474e+00   1.6628746e+00
  -1.6582161e+00   3.2117499e-01  -5.7292428e-01  -1.8894339e+00   2.9635856e-01
  -2.0766933e+00   3.1459769e-01   6.6855120e-02  -6.4634077e-01  -2.2736991e+00
  -2.9232023e-01   2.0144507e+00  -3.2339371e-01   8.6066715e-01   1.6658764e-01
  -2.7663148e+00   2.3650090e-02   1.5213598e+00  -1.2395782e+00   1.1621633e+00
  -2.4608769e+00   1.4873438e+00   1.7945715e-01   3.4904508e-01  -3.2150148e-01
  -1.0798970e+00   3.1414187e+00   2.0011742e+00   9.4540256e-01   1.5787519e+00
  -1.2320437e+00   2.7258774e+00   1.3921848e+00  -1.9415697e-01   3.5546511e+00